[[-9 7 14 -25 -13 11 12 -12 6 8 -21 -5 36 7 -1 8 -13 -1 39 1 35 21 -2 -3 -4 -5 -32 18 2 -14 8 14 -4 -5 -6 8 -11 -7 8 8 13 25 -5 28 -18 0 -24 -21 -17 4 -9 -7 12 10 -18 -27 19 -25 5 -16 13 18 -6 2 -20 36 9 -21 -3 26 -22 -15 -2 -4 8 6 -8 0 -11 25 -17 -4 -1 21 -5 13 -19 -15 13 -6 0 39 -16 15 -6 -14 33 21 17 -6 3 -14 -12 20 -1 9 20 -2 -1 -14 -28 -15 -9 2 41 -1 22 25 -9 41]
[-5 21 -1 11 19 8 -14 17 8 -14 1 6 -4 -17 9 -10 14 -17 -8 -4 -11 -14 -10 -4 -12 -18 -10 11 -20 -7 -24 22 -31 16 33 -10 -3 27 4 -25 -50 -8 11 -19 -20 22 34 29 -11 -10 14 1 -35 3 38 17 -31 -6 -28 38 -8 1 -8 -14 15 -56 4 -17 18 -23 -3 21 -11 -1 27 -12 -15 2 3 -30 -23 -10 26 -11 19 3 16 -2 -38 -11 -11 -28 -12 -35 -13 34 -37 -11 -39 3 -11 14 -6 -11 6 38 -6 -2 -13 38 11 0 -19 12 -14 -13 -17 -4 -23 10]
[19 -16 -11 5 -27 -24 2 -1 -29 39 11 7 -17 2 -13 -7 -15 14 -26 -19 -5 -17 -5 9 -18 17 22 -21 22 -7 11 -51 24 3 23 6 -11 16 -29 6 29 -16 9 -15 27 -22 -6 -15 33 -6 -23 14 28 -8 -20 41 -11 19 -13 -10 2 -18 -1 34 -15 -12 -22 55 -1 -1 27 10 19 -15 -16 4 -11 21 26 -10 -10 -12 -18 -21 11 -18 2 -1 5 -3 31 8 16 1 -9 -3 -15 -22 -1 27 -20 28 18 0 -18 -24 -13 54 -10 10 -27 5 -7 1 -31 -8 -37 -3 12 -11]
[-20 16 -19 1 -20 -4 -27 -14 17 1 -21 -37 20 0 28 -15 21 -16 -4 -4 -7 -16 -11 18 7 -25 3 4 4 -10 -11 29 1 1 31 2 14 24 -29 32 29 -21 16 5 -4 10 -19 -17 -5 -15 3 29 -3 29 23 1 -18 -8 -33 12 -15 6 -1 -5 -10 -20 8 -34 8 -24 -4 -16 4 -8 12 27 -24 9 2 13 -35 1 18 13 -10 11 4 -8 2 -17 9 -6 7 -44 -7 -14 -17 -25 -11 -4 35 -6 -19 -1 -6 7 -2 -20 29 19 -13 17 -2 -10 27 4 24 -19 2 32]
[10 17 -20 -9 11 9 29 1 -34 19 -4 39 -34 5 1 -19 -37 8 -26 -18 -25 25 3 -14 13 53 17 -2 -12 3 -41 -58 2 -22 -25 -17 -37 -4 -1 11 -6 6 1 -48 -6 4 13 9 10 -1 -32 3 8 -22 32 31 -13 9 23 -5 -4 -22 -16 17 4 -6 -8 34 -11 13 20 45 5 -32 4 -25 11 7 -2 -18 18 -2 8 -17 25 -5 -16 15 -6 -4 -23 -16 -4 -17 -15 10 -2 -2 9 23 -17 19 7 4 9 8 5 13 -33 13 3 -9 -3 28 -28 19 -9 17 -20 -28]
[-6 22 11 5 -21 -19 -34 37 3 42 18 -1 37 -42 1 26 12 -12 9 9 -4 -29 -33 40 -55 5 3 -3 -5 -11 25 26 -7 -6 38 10 -2 52 -9 -8 -13 -16 18 17 7 5 -1 13 -12 4 -13 6 0 8 8 2 -28 -13 -27 28 -18 2 8 -8 -26 -7 -4 4 12 -14 -5 -12 -18 23 5 -6 -22 14 10 -22 -31 -16 -31 -1 0 8 8 -30 -15 -20 23 -24 24 -27 -25 -23 -16 -25 -43 2 -11 25 -17 7 -5 24 -18 17 -14 15 -4 -10 -27 -6 3 -31 -10 -37 -15 22]
[-1 54 14 10 20 -9 12 0 17 -18 -9 -20 -27 16 16 16 -5 -22 11 -3 -26 1 -11 -15 14 0 -17 29 -10 -6 -7 19 -26 -6 8 0 -11 -2 -14 23 -33 17 -18 -7 4 16 3 19 -15 21 -8 20 -21 0 43 -20 -14 -35 7 2 -8 12 8 6 -2 3 7 -16 29 27 -17 -8 -20 22 50 -12 -4 3 -19 6 -19 12 6 -4 21 14 -8 -6 17 6 -28 -26 -8 -18 11 -24 16 2 -14 13 -10 -28 5 6 33 -3 -13 -24 11 11 -14 -13 18 11 20 -13 36 -12 15 5]
[-5 28 -9 -10 -2 -22 11 -15 13 2 -7 -2 -41 2 -17 1 22 -5 15 -40 21 -23 1 -22 -4 -24 -9 17 7 -10 34 -36 -3 20 10 -7 14 9 -33 12 -9 -5 9 -16 4 -10 11 -4 9 -18 -23 34 15 -19 -3 2 22 7 -17 -12 23 -26 7 35 5 -10 -29 13 20 25 10 -5 25 -14 11 8 -18 -2 18 18 -15 6 8 -22 24 -14 -33 1 22 4 15 2 -17 37 -2 7 11 -6 -18 36 4 -11 28 42 -7 -8 10 39 -2 15 -18 32 16 25 0 -8 -26 13 38 10]
[28 0 18 32 -1 -3 7 -14 9 15 12 -6 -6 5 -13 17 -28 17 -27 5 -31 2 -24 17 17 46 -2 28 -21 20 8 12 1 -10 12 -13 -7 4 -17 -20 -2 19 9 -5 26 -32 -3 11 4 8 -15 -12 -2 -1 14 9 -27 -17 40 10 -16 26 17 -14 -28 17 -2 15 -4 10 -12 -11 -11 44 15 -10 6 19 -4 -10 6 8 -33 -17 6 29 27 -20 3 8 8 -20 36 -18 14 -29 -27 13 -15 7 -26 5 1 -31 17 -17 -19 1 10 -5 -7 11 -7 -6 -19 -17 16 -28 24 -6]
[36 4 20 16 -16 9 6 36 -2 31 22 28 20 -23 -25 32 -2 0 13 15 -3 1 -16 7 -65 11 -34 0 6 -14 27 32 -10 14 49 2 -27 19 4 -55 -20 3 19 -5 3 -47 17 9 -2 51 -13 -21 -6 -18 -31 6 19 -20 -17 8 9 19 10 -9 -32 -13 -5 13 31 -6 13 20 -21 11 -12 -26 -19 15 7 -13 -22 -26 -2 -16 21 14 8 -6 -41 13 -7 -21 -4 -6 -15 -3 2 15 -17 15 -60 18 16 -12 -5 49 -20 14 -27 9 9 -18 -36 17 -12 -23 -27 -1 -4 42]
[3 37 8 -6 -40 -22 -2 32 20 32 -30 -16 22 -8 -20 8 -4 -10 37 6 24 14 -25 -7 -52 -1 -47 15 9 -27 35 26 5 13 31 0 -5 7 -7 16 -15 9 -10 -26 -6 -22 9 -2 -4 25 -24 13 7 7 -27 -9 10 -31 -15 17 5 21 -4 20 -21 -4 18 -6 14 20 8 12 -6 1 10 -8 4 23 -20 -2 -40 -16 8 -4 -3 13 -12 -33 -17 5 5 -19 12 2 -2 -25 20 -7 -24 22 -42 -18 12 -9 10 32 -12 17 -28 1 -26 -21 -5 -16 11 -32 -21 2 -14 65]
[-21 -23 -5 -26 -12 1 4 -25 -27 17 -1 -12 35 -8 22 -2 11 4 -25 -5 7 -2 -2 21 5 -4 43 -28 4 -13 -22 -23 16 -31 12 5 -29 25 7 14 25 21 -23 15 -4 21 -31 -20 0 -9 -12 8 -15 0 23 1 -14 -29 -18 -21 3 8 -13 17 -21 -7 0 5 -4 18 -6 -24 5 -21 9 23 -16 10 18 -13 -27 -34 -34 -3 4 -2 -1 -8 35 -26 22 17 -3 -33 2 -13 -9 -8 36 -12 21 12 -30 10 -24 -12 11 8 11 15 -28 -19 -23 -4 22 -9 -2 -11 -7 3]
[20 -38 -8 -15 4 6 24 1 -44 21 -11 51 -32 17 3 -16 -38 28 -46 4 -2 7 -4 -19 18 30 47 -29 6 -8 -35 -56 15 -16 -22 -14 -16 5 7 -12 7 14 -15 14 -11 23 -15 -5 5 -23 -11 -18 -8 -15 -4 32 1 -4 19 -17 20 -14 -22 12 10 -6 -30 55 9 14 6 27 1 -36 -8 -6 20 8 3 -16 22 -13 -29 -10 2 -26 -1 13 10 -13 14 16 2 -4 13 7 21 13 24 13 -10 10 -16 12 -4 -35 -15 21 -23 -12 18 -14 4 -4 -13 -10 -18 19 -14 -47]
[-14 5 -2 10 10 16 26 -36 0 -24 -30 -8 -24 19 2 -12 15 11 -36 9 -12 26 8 -9 61 -34 7 41 -24 -12 -38 5 -11 -6 19 -5 -19 16 -15 23 33 30 3 12 -24 14 -16 9 5 1 1 14 -31 -3 42 -11 -17 -34 -6 -24 -1 19 -5 -2 4 -17 4 -39 27 10 -12 -4 -11 -14 37 11 -10 -12 -28 16 -18 6 20 1 -17 14 -11 6 33 -8 -21 -30 -44 -36 32 1 4 17 27 17 37 -30 -9 6 -3 -7 5 -66 40 -2 -5 4 6 10 34 7 50 14 11 14]
[17 6 6 -5 -3 7 35 -32 -17 -13 13 -9 -1 28 25 -14 -51 9 -17 -51 -31 -14 14 11 24 45 -7 -2 -12 3 -35 -34 -13 -1 -6 -10 -24 -28 -8 14 14 -5 -15 2 23 -2 -22 3 -4 -10 1 -5 9 -4 17 23 -55 6 5 -18 -11 4 11 6 -17 1 -3 31 -8 3 1 5 35 2 14 7 -9 9 22 -11 -17 18 5 -7 49 -9 6 0 6 -14 5 42 16 -7 -10 16 -27 7 -5 17 -15 33 -10 -6 7 -35 17 31 12 25 -42 7 3 14 2 5 0 27 0 -25]
[-15 8 -4 -18 -20 -8 -16 -3 17 11 -1 -31 22 6 7 7 15 -1 24 8 -18 14 5 28 4 19 10 -19 34 17 6 36 17 -12 -19 -6 12 -21 0 32 17 -13 -17 2 17 -5 -22 -11 -26 15 23 10 14 8 18 -39 4 2 -5 9 -8 11 11 -8 -7 20 11 -12 -14 -32 14 -35 -10 -3 -6 21 -1 6 -6 24 5 20 -8 30 14 17 -3 16 14 -9 8 -20 22 11 -7 -20 24 -3 22 -34 28 17 -22 10 -10 -11 4 -37 9 -1 25 1 8 -6 8 13 35 -35 -2 -6]
[9 21 -8 -13 -12 -23 -10 -25 8 35 14 -16 29 10 -7 -6 -33 19 6 -4 22 27 -5 4 28 27 3 12 9 10 -9 1 13 -6 -20 -4 8 -7 8 7 6 3 -5 -21 21 3 3 -15 6 -17 -4 -7 40 23 2 -3 -20 9 52 20 -31 14 -2 4 6 16 28 8 -38 -9 13 -2 -14 7 21 -2 22 17 -2 -6 18 -2 -29 14 8 8 5 -5 -16 6 19 23 20 -5 15 -11 -5 -4 -2 3 -9 21 -1 -27 5 2 0 5 -26 4 -25 -5 -4 -19 -27 4 9 -17 -24 11]
[-21 6 -18 -34 -19 12 -7 -9 7 46 9 8 6 -30 8 -13 14 7 -6 9 0 3 20 33 -7 -7 1 -10 13 -12 -8 -11 -2 -19 14 0 -14 30 -9 30 46 -34 34 -27 -4 -4 14 -25 17 -8 -23 26 40 5 -4 -9 30 12 2 -16 -25 -13 -1 0 -13 11 -5 -26 -6 -14 22 5 -21 -20 -12 4 -4 -15 -3 24 30 4 5 9 -37 -13 -32 12 0 -7 3 0 -32 -34 -17 -26 3 -8 2 15 15 3 -12 15 -6 43 17 -37 4 -18 18 21 -7 24 12 46 14 -9 -15 21]
[-18 -24 8 -8 -24 0 -17 -23 0 25 -18 -19 9 -17 6 -28 -1 26 -20 -11 2 -7 -1 46 -12 -1 14 -24 -3 -9 5 -4 13 -9 26 -7 -11 6 6 9 7 -17 7 1 18 16 -3 -11 -21 -32 2 -2 -3 27 13 3 -23 18 -15 6 -9 -4 1 11 -18 -8 -10 5 -42 -29 -20 -18 -7 7 4 38 -10 0 1 -4 2 4 -22 -3 -18 13 15 -7 16 -45 34 4 1 -28 -30 -10 -27 -23 13 -16 31 24 -33 -7 -17 -20 12 16 18 22 -3 11 -31 -3 9 -1 9 -1 -9 -15]
[19 -8 33 -8 -27 16 29 -29 26 27 11 -19 7 24 -24 -5 -44 3 5 5 19 7 15 2 16 25 -44 6 20 -6 -12 0 -7 18 25 -14 -2 9 -9 2 -14 6 -13 9 0 -8 0 -4 5 -6 13 -13 26 2 -29 -18 -8 -18 2 0 20 39 -7 8 -1 9 6 26 12 -5 -4 7 -7 -12 21 -2 4 7 -11 -6 -11 15 -20 14 17 -14 15 -8 -9 -2 28 33 9 27 33 8 13 23 -14 -1 -48 12 -4 -5 14 -18 2 15 3 -34 -31 -21 5 -14 -13 -33 -2 18 -22 2]
[-22 8 -15 0 40 -27 -7 -32 -8 -29 13 -16 0 16 37 2 21 -26 27 -3 1 1 8 -40 55 -35 35 31 20 -4 -5 -15 0 -2 -46 43 5 -5 1 17 23 31 -29 20 -5 28 -31 -27 14 0 8 20 13 4 27 -12 7 2 18 -23 -4 -18 14 -1 18 27 5 -15 4 32 -13 -43 -5 10 23 11 -1 -18 16 37 -1 9 -21 14 -5 -10 -28 16 51 31 -21 29 -25 16 8 -12 23 7 13 12 33 -31 8 32 0 -31 3 -11 15 3 -27 -7 12 -8 37 19 27 -11 43 -11]
[21 15 10 5 12 13 38 6 -23 -36 -6 32 -23 9 -14 -1 5 -14 -4 -3 -6 -3 15 -30 4 -18 -17 -2 -5 -32 -34 -26 -20 24 11 5 -53 12 2 -5 -11 45 -10 6 -28 -1 -16 25 7 27 1 10 -32 -33 22 18 -7 -55 -34 -34 28 18 -21 17 6 -27 -16 21 51 30 3 34 6 -35 38 -23 -16 2 6 -9 -32 -19 22 -11 12 -11 -22 -9 -2 10 -42 -10 -25 -6 7 29 8 -1 14 29 -41 3 4 18 9 10 7 3 -8 18 -13 -43 2 11 10 -23 -22 41 -18 17]
[20 25 35 8 14 -15 8 36 -39 -29 27 11 -2 21 -27 42 -8 5 27 8 14 16 13 -6 -2 -42 -6 -3 11 0 29 -6 -20 16 -1 29 -23 -20 6 -20 11 14 -1 37 35 -3 -10 11 15 46 9 -9 2 8 -19 12 -8 -8 5 -12 -7 13 1 21 9 16 17 25 5 18 -2 -2 -25 20 40 -30 -13 11 5 14 -10 -6 -23 14 9 -8 -7 5 -3 23 -26 38 -31 25 16 9 26 -8 24 1 -28 20 24 -15 3 -8 -11 2 -29 5 -54 -39 17 4 -14 -8 -5 3 -1 15]
[-6 44 -28 -44 -41 1 8 -7 6 45 -44 9 3 -12 -18 -1 5 33 -4 -17 37 19 -15 -8 15 -22 -2 32 -1 -23 -6 -11 -9 10 12 -9 -5 21 -33 11 26 9 35 -17 -35 -12 -7 -11 -1 -11 -38 27 -1 3 -1 16 18 -20 1 -9 8 3 -12 10 -8 -22 -28 -28 15 5 3 12 -6 -38 30 16 -6 24 -13 12 -17 -22 14 11 -2 15 -33 -4 -18 -12 8 -19 -23 -23 2 -1 25 5 15 22 11 -10 5 27 -23 54 9 -19 -31 10 0 14 -5 4 23 13 -9 18 -16 63]
[5 -27 14 -14 3 -21 12 -22 6 19 -5 17 -13 11 -17 -2 -2 1 3 8 37 4 12 -17 -15 -14 -2 -23 15 -33 15 -24 18 -15 3 6 -6 10 22 -10 -20 12 -20 -10 9 4 11 -19 19 -6 -15 12 11 -2 -32 -8 32 0 2 -37 30 -3 -13 39 3 10 4 38 6 23 12 20 3 -6 -13 -5 10 -5 12 0 10 -26 -8 -22 -17 -31 -10 -14 11 6 5 20 -28 19 30 -2 20 -25 20 12 -26 -8 19 -3 -6 -12 1 35 0 -6 -7 -9 1 1 1 -24 -22 7 -2 18]
[38 -14 -2 10 0 -6 -7 -22 5 -14 2 5 -27 17 4 -3 -15 34 -39 12 -25 12 -2 -3 28 28 37 -14 23 10 8 14 13 2 -15 -9 3 -39 -2 -26 2 -6 6 -7 15 -22 -9 -9 -6 14 -4 5 -16 13 13 22 27 1 43 -20 -6 -1 19 -7 -1 -2 -25 5 -2 -39 13 6 -14 14 1 7 10 18 5 33 40 -5 -7 -7 -2 14 19 23 -15 14 -9 -16 24 -32 19 -21 5 -12 41 -17 -15 -6 13 -24 10 -14 -16 -28 8 9 58 11 0 2 0 33 24 -25 28 -18]
[11 -38 0 33 -8 17 -6 -33 -8 8 26 -22 -6 -10 7 -18 -21 2 -34 2 -25 -24 -2 22 -30 33 7 -32 15 15 -2 0 4 -3 48 8 -1 10 -17 5 -3 -37 32 -20 9 -28 17 -16 25 -7 -11 -13 13 -4 -13 22 24 15 -12 -8 -11 -14 -4 2 -17 -18 -15 -6 -17 -24 8 1 7 0 -29 11 -28 13 29 -16 11 2 3 -18 32 11 30 14 -20 -2 18 5 4 -26 -40 -14 -34 -2 8 -21 3 13 16 -26 -3 11 9 21 17 6 0 9 -28 10 -31 16 -10 -1 17 -20]
[22 -27 -3 1 -24 -5 9 -11 -1 2 21 3 23 2 -22 17 20 16 4 0 23 -15 25 7 -8 -3 13 -29 44 -12 -2 -1 24 22 3 14 7 -18 -2 3 15 -5 -11 -9 0 -56 -6 0 21 8 7 -3 12 -18 -36 -18 1 3 -12 -30 0 24 0 1 -1 -4 -1 18 -11 -12 24 -7 17 -7 -33 15 4 17 22 -16 11 -25 5 -4 -2 -7 2 5 -16 19 0 -6 -2 18 9 20 -7 -7 32 -11 2 23 18 -1 -30 12 4 -1 9 -7 27 -7 9 -24 -22 -14 -38 4 -11 -1]
[-8 4 34 4 34 -13 -2 1 14 -9 -1 11 -34 -7 -11 19 21 7 4 4 -16 -6 2 9 6 9 19 30 1 6 8 15 -19 6 8 -11 -20 4 -18 -29 -44 35 1 -1 4 1 14 36 -14 -20 7 14 -35 -30 48 10 -40 -2 -1 7 -5 13 13 6 -9 10 -31 -2 2 14 -25 -29 7 38 37 -6 -19 -4 17 3 6 -5 -10 -22 30 -4 3 -3 24 -6 -4 -17 -1 10 -14 16 -25 7 -18 -9 -10 7 -12 16 9 -11 -10 5 -6 15 20 20 -9 35 -13 3 10 -33 17 -17]
[-19 3 -7 -16 -12 -6 0 -14 37 -33 -10 -36 -3 5 -13 4 22 -1 0 -22 12 -3 10 -1 5 -11 6 12 -2 17 14 22 -4 11 -11 -27 22 -23 -20 15 -11 3 -9 -17 -12 -22 3 6 6 -18 6 34 -20 -23 12 -13 32 -4 8 -6 -26 9 0 -7 4 -8 -8 -51 -14 -4 28 -27 28 12 -8 18 10 -6 16 3 1 -5 24 -8 19 12 -13 -6 -3 10 -7 -28 7 8 15 -11 -19 -9 -4 -19 33 -20 11 -13 3 28 19 -36 6 14 31 37 14 15 -9 37 -4 -19 16 23]
[-21 -37 -32 -15 6 -2 -8 7 -22 -28 -21 -5 -9 10 24 -31 10 9 -27 2 -4 22 -2 -8 2 -28 20 -34 -21 0 -27 -17 -1 -31 -12 2 14 -27 23 11 19 -17 -8 -36 12 17 21 -16 24 5 2 14 -8 0 3 2 17 31 7 1 -24 -16 -19 -8 17 -25 28 -20 -32 1 32 8 -3 -1 -38 2 28 -16 -12 -19 29 -4 40 -7 -45 12 1 9 4 0 -19 -18 -34 -19 0 -3 -30 -36 25 -19 42 -10 20 -33 2 17 9 -22 9 0 20 1 -3 11 -11 30 -13 10 -11 3]
[-19 -7 12 -41 -18 -23 3 5 2 19 7 -1 48 -16 -16 14 -3 17 25 -20 41 -2 -21 19 -21 5 8 10 12 -20 33 9 -9 -9 7 2 11 18 31 2 2 15 -37 34 -13 14 8 -5 -11 -26 -7 -12 6 -2 -13 -45 -18 -19 16 6 -29 11 17 3 -1 15 17 -13 -10 19 3 -33 -6 15 1 0 3 -8 -9 -8 -19 -12 -31 -3 -9 -12 -8 -35 15 -11 45 19 -17 5 4 -8 -6 0 -28 9 8 14 -25 22 -11 7 -2 7 -22 -9 5 1 -21 -10 11 -16 -22 3 -19 17]
[11 28 -3 5 -14 13 22 -4 -15 -26 29 -25 16 -2 13 12 10 -13 -12 -19 -25 -8 16 12 -18 15 10 -43 5 -16 0 -14 -6 -9 11 11 -23 -9 1 34 33 2 5 18 28 -1 -26 8 -6 53 -24 12 -11 -13 -5 -17 18 -12 -24 -47 -1 7 24 18 -7 0 -9 1 7 8 8 -3 20 -19 15 -1 -18 -6 -1 -6 -16 -14 15 5 24 8 -9 10 5 17 -23 -8 10 -16 -7 -18 13 -26 31 -5 -1 -8 13 10 10 8 0 -4 22 -9 -26 -30 13 -2 24 24 14 19 12 2]
[28 -31 0 14 3 37 13 1 0 -9 0 14 -23 5 8 -35 -3 6 -6 -12 -18 -10 23 -7 -10 10 -7 -43 24 -22 -19 4 -1 41 26 -19 -13 -18 7 -13 -8 -12 -11 -14 9 0 12 14 -14 -1 35 -23 -16 -2 -27 14 -10 35 -40 13 14 25 2 -7 15 -25 -16 38 3 -31 0 21 4 -34 -11 8 1 -18 -4 -10 14 3 19 -3 13 -16 21 45 -20 8 -13 13 -5 1 -14 37 -16 2 -1 0 -19 22 -22 -18 4 -6 -26 24 13 3 29 0 2 -22 -19 -7 -26 25 -7 -33]
[8 -1 4 -26 8 45 35 -13 -7 4 13 1 -9 -24 -30 17 -17 4 0 -32 30 -18 0 19 3 -16 -41 21 -37 10 29 -38 -17 -1 2 -17 -10 4 0 -30 5 2 18 29 -2 0 2 -2 -4 -6 -21 -19 13 2 -31 -4 22 5 21 -11 15 -9 -1 3 -22 34 -7 4 6 34 -35 2 -4 7 -7 -6 -15 -18 1 4 0 8 -15 -1 -17 1 -5 -5 15 -17 23 64 -15 23 15 2 -2 33 0 2 -8 12 5 19 -8 1 28 27 10 -12 -34 23 -1 22 4 -1 -13 22 19 2]
[6 -6 4 -14 20 22 16 -12 -9 13 9 4 8 -8 24 11 -11 -19 -16 -6 -35 -6 -6 11 2 41 -10 3 12 -4 -32 -28 -11 -28 7 -5 -45 21 -10 -15 -24 25 -13 -23 -8 -3 -5 12 -6 15 -31 25 0 -2 68 6 -14 -41 15 -6 5 9 -18 -2 -36 3 -18 16 12 38 -23 -4 -8 6 30 -16 -11 40 12 -4 -2 -21 -5 -12 4 19 5 -9 5 -5 0 0 9 -42 -11 -6 -23 9 5 -7 -43 26 -17 22 24 -2 20 5 13 0 -14 -11 -9 21 11 -8 -6 -21 7 -10]
[-28 4 1 15 -12 -18 -22 20 14 -16 -31 -4 2 0 -6 -10 24 -18 27 9 25 11 5 -15 -15 -32 -3 29 14 -12 28 1 -7 11 4 1 4 3 -26 13 4 -2 -2 -12 -27 -10 -4 -1 22 -21 -15 33 -1 8 6 18 11 -9 -24 4 -1 -8 -16 5 9 -18 2 -16 -11 16 7 0 15 -4 11 12 1 19 12 24 -13 5 17 -7 -29 -5 -31 -19 -1 11 -14 -13 -18 15 -16 6 3 -13 -17 20 11 -14 3 18 1 2 18 -12 -20 10 -15 15 21 -6 21 -6 -30 9 9 35]
[3 -10 -24 0 -6 -39 -24 -24 9 18 -12 -16 -14 18 25 -19 17 8 -21 -4 -17 -18 -6 -23 9 -13 20 -6 37 -2 -5 -4 22 12 27 12 20 4 -33 2 19 -30 -3 -55 9 -24 22 -37 25 -3 -10 32 12 1 9 16 8 11 8 6 -8 -19 6 13 -1 -37 -5 -9 11 -12 27 -10 -3 -4 1 20 11 7 14 10 -8 -6 4 -20 11 -15 6 28 14 4 20 -10 -9 -32 3 -15 -9 -8 -5 24 -4 -30 22 -14 -5 -2 -20 6 7 15 6 32 -7 -3 -9 8 -13 -22 39 -4]
[-11 -1 22 -13 0 24 15 1 14 4 -17 17 5 -12 -25 -9 -30 -8 1 -14 6 -15 -24 7 -3 16 -34 25 -25 -9 -4 -12 -28 8 -7 -23 10 42 -22 0 -11 12 26 27 -44 7 -3 9 -3 -34 -19 5 5 -5 1 -1 7 -12 8 1 -4 14 -21 -18 -5 20 -14 -2 14 18 -19 8 -4 1 12 -16 -5 -4 -7 -17 -10 23 -2 7 -18 -11 -15 -30 -13 -17 4 13 -4 5 -13 -7 0 6 -57 3 -13 9 -20 26 17 21 16 9 -13 -16 1 25 9 -7 6 -3 -3 14 -12 16]
[1 9 13 13 17 -37 6 17 -6 10 -9 8 -3 26 -11 4 2 -3 30 -5 9 41 7 -37 -13 -34 -31 27 11 -32 -8 5 4 7 -7 26 -26 -19 34 -16 -41 55 -42 -13 8 12 13 18 -12 27 21 -3 -5 14 27 -17 -14 -10 9 6 10 13 -12 30 7 -14 26 32 -3 17 7 6 -22 21 17 -14 16 13 -24 -4 -18 -21 18 -7 -6 11 -9 -12 -18 10 -30 -27 -31 15 -4 26 14 -1 9 28 -25 3 21 1 -3 -19 -7 14 -22 34 -31 -47 -6 -1 3 -13 11 26 -15 15]
[-17 -16 58 -19 0 -6 2 31 11 8 5 10 -8 11 -10 34 -4 -11 30 13 15 -9 17 22 -26 2 -15 -10 13 10 19 -3 -2 -10 -1 3 3 5 8 9 -36 1 -25 40 8 14 2 26 -22 -7 26 10 4 -16 0 -30 -13 -10 -15 5 14 -5 -9 11 -3 28 -22 17 14 12 -14 -18 2 21 8 -15 5 5 3 7 6 7 -20 -2 -9 -12 -5 -29 21 -16 22 -7 3 37 14 3 23 0 -24 -18 -12 7 -26 30 15 -32 8 7 7 -31 16 -16 18 17 7 -30 5 -21 -21 -27]
[-6 -26 42 -17 10 -13 12 -3 10 -37 -17 -4 16 44 15 -9 -26 18 3 -10 6 12 4 -19 24 7 -9 6 -3 5 -13 22 -19 6 -19 -31 30 -46 27 -3 -21 7 -61 9 -15 21 8 -3 -16 -31 30 -6 -10 37 2 -15 -14 -29 21 5 3 44 -11 -17 5 -7 32 1 3 -7 18 -24 -4 21 10 -3 22 16 -10 9 3 6 -4 5 18 -12 13 0 -3 -7 12 34 -10 23 19 14 0 28 4 -6 -11 1 -14 -22 8 -26 12 -16 10 2 -4 22 30 -11 8 -13 3 -5 -4 8]
[19 14 18 17 -14 -3 15 16 -12 -12 -4 -16 18 -9 -16 2 -41 -3 21 0 -21 3 -38 -15 -29 21 -45 13 6 -12 17 15 -18 17 20 18 -17 -1 9 -22 -31 19 -1 10 -6 -6 -11 22 -20 55 0 -36 -17 -2 -8 3 -4 -32 -12 6 15 5 10 -9 -7 -19 4 7 20 8 -28 14 -23 5 34 -11 -12 15 -15 -24 -43 15 -10 10 34 20 23 -16 -23 3 -1 -8 7 3 -4 -5 16 10 -17 -3 -53 11 12 -13 15 10 -9 27 -23 -7 -25 -54 -33 -21 3 -35 -27 28 7 -1]
[18 -7 -4 6 38 4 -13 -28 -8 1 28 12 14 -9 -4 2 -14 2 -14 7 9 -2 -23 -5 13 21 23 -15 -6 17 -1 -13 20 -15 -25 8 18 18 35 -15 -20 10 2 12 3 14 17 1 3 -10 -5 -32 9 3 -14 1 7 3 39 6 -1 -4 -4 1 17 9 6 15 -12 10 -11 10 -6 -2 -2 -16 17 2 7 -23 25 -15 -25 -3 -10 1 29 -2 -13 8 17 23 28 -6 18 -1 8 0 5 -16 -15 -2 7 -12 -3 0 -4 27 -14 3 5 -4 -2 -26 -22 -21 -3 -18 -8 -10]
[29 32 -8 6 17 -5 1 -6 11 -18 0 -4 -7 33 13 -3 -24 -20 28 9 20 9 10 -38 8 -11 -17 14 12 -17 -14 17 -1 26 -13 10 -2 -28 2 8 -26 20 -5 -1 7 11 -1 1 -11 -6 5 9 17 9 15 3 -2 -1 25 13 -24 7 -8 17 12 15 22 -6 -5 8 2 13 -9 9 21 -19 -2 -7 2 28 1 -15 20 6 7 13 -20 1 -11 18 -39 49 1 -14 10 -13 17 -18 7 3 -4 -16 12 -20 39 -8 -7 3 -8 19 -12 -35 10 9 7 3 27 8 -15 11]
[-4 20 -17 -6 -20 22 9 12 -3 4 -2 -24 10 2 27 -1 -19 -5 -7 -10 -15 5 -6 5 -3 42 27 -31 -8 8 -12 -10 23 -12 -42 -14 23 -25 -13 33 -3 -12 15 18 1 27 -22 0 -33 9 -13 -2 5 -8 2 -8 21 29 9 -5 -9 -12 4 -4 -2 21 -8 -4 -26 -19 2 -3 -2 -10 -35 2 0 -12 -21 -9 18 0 -11 24 10 14 -6 27 -1 -12 -12 -14 39 5 -11 -39 27 -9 21 -35 42 -14 4 14 17 0 2 1 7 -20 27 -15 19 5 12 42 38 0 -6 -40]
[-1 5 -1 8 34 9 -13 26 -12 15 21 47 -13 -10 -25 6 -10 4 -17 28 -40 -11 12 14 -8 33 6 -24 -14 20 -39 3 -30 -30 -22 13 1 31 38 17 -5 -10 23 19 -7 30 26 49 -7 2 23 -23 2 -6 9 -4 -5 -10 8 -5 -12 -20 -13 -7 33 -1 0 6 20 -19 21 41 -21 -19 7 -34 22 -16 -20 -26 43 10 22 16 -9 -13 5 -4 -39 2 -22 -42 -1 -20 -11 20 25 -8 1 -2 -6 19 -24 6 -6 13 -4 -43 -22 -22 42 -14 15 -10 -21 11 18 11 -55 -34]
[2 21 -31 35 -2 3 -3 -1 -23 8 25 -16 -11 -12 15 13 -10 -33 12 12 -50 1 -8 9 -1 5 12 -4 6 -3 2 -3 16 -9 9 47 -35 29 -29 21 27 -6 26 12 22 -17 -28 -15 18 55 -7 0 15 -17 7 -5 -1 8 -6 -15 -9 -14 13 2 -8 21 3 -2 3 6 -5 -1 -14 4 -17 -3 -20 -11 6 2 -22 15 -14 17 8 13 5 9 9 17 -30 -23 -1 -16 -13 -28 11 -14 5 4 18 -8 24 -2 1 1 -15 -8 -1 4 -21 -35 -9 0 -1 4 28 -4 22 -12]
[3 3 -2 20 2 7 -6 20 9 -5 21 -9 10 -8 18 37 6 -36 -8 20 -43 -17 -9 21 6 13 28 7 11 14 25 12 7 -15 -34 23 27 27 -21 10 14 -29 5 52 -6 -5 -38 -1 7 28 -6 11 7 -4 -8 -8 7 20 -7 -11 11 -34 30 -33 2 29 -7 -4 23 -26 -26 -8 -5 20 -42 5 -6 -12 -5 17 -23 35 -18 29 -13 -12 1 9 21 0 -6 -20 24 9 16 -37 48 -3 -6 -25 27 -15 16 22 -5 -25 -12 -41 31 -33 29 10 29 -16 40 -4 38 -40 38 -32]
[1 -25 -3 20 15 6 15 -18 -19 15 -5 2 12 31 -2 0 -22 0 15 19 -22 22 -2 -16 34 36 1 24 27 24 -32 -21 14 -20 -33 35 -4 -18 -3 12 12 24 -11 -17 -8 -27 -3 -23 15 20 -11 -23 27 19 -3 -20 -3 7 28 -23 11 3 9 -4 -21 37 23 7 -38 9 -10 -17 -12 5 -13 3 6 20 -19 3 14 4 7 13 -3 12 28 6 12 17 -16 -4 -9 7 0 1 13 22 46 -18 1 -4 29 -3 -21 -13 2 -8 21 -25 -16 -8 -8 2 -15 17 29 1 10 -24]
[-11 9 3 15 4 0 39 -10 6 -8 -11 -9 -16 32 -9 -17 1 9 1 7 -2 54 26 -22 23 17 3 10 11 -8 -4 -18 6 1 -35 -5 -14 -30 6 18 -25 28 -30 -47 6 -22 15 14 9 18 -6 2 -7 -21 20 -5 18 6 14 -12 16 4 -3 18 10 -8 9 13 -37 22 7 13 7 -16 11 5 27 6 -18 2 8 8 -7 -7 13 6 -21 18 1 24 -32 -39 -15 28 24 5 28 19 29 4 -4 -19 21 -15 12 -5 15 -17 -12 -10 -6 -14 28 -5 4 4 -3 24 3 -13]
[-7 -13 9 20 -29 16 13 2 -5 9 1 -24 9 -13 -20 6 -1 -3 -12 -8 -1 -8 19 20 -9 -18 -21 10 -22 8 17 -21 3 11 22 -4 11 -12 -8 22 39 -16 10 6 15 -17 -7 12 -1 16 -11 -6 15 29 -29 -3 -15 8 -24 -10 12 -1 5 2 -15 7 11 7 0 -12 -13 1 2 11 -11 11 -11 3 -13 3 -10 11 -1 -4 -19 11 0 -9 14 -2 10 8 5 9 7 -2 -4 4 15 8 19 1 4 -6 -22 -20 19 -1 46 -23 -39 -3 8 -5 16 -8 4 8 16 -6]
[-4 7 -14 3 -21 -17 1 16 -12 -4 -45 -31 -13 20 29 -30 -14 -12 8 15 -7 12 -20 -16 -9 -12 4 2 52 -33 -20 5 -17 21 31 25 -5 -5 -39 38 5 5 -21 -13 -12 0 -12 -5 1 2 -7 18 -17 8 7 28 -37 -30 -34 6 -6 5 -10 31 -3 -19 10 -5 29 16 -21 13 4 -16 22 14 -17 37 -13 8 -42 -4 21 0 -14 -18 5 -11 -3 2 2 14 7 -30 -5 -5 3 -10 -16 9 -23 -25 7 2 13 -12 -27 13 -13 -2 -16 -39 14 -16 24 -14 -7 7 -1 19]
[-25 -22 -5 -1 18 23 29 -9 5 -27 -3 7 -32 -9 -23 -28 1 1 -19 -10 -5 20 13 -5 4 40 5 -5 -15 23 -10 -30 -2 -11 -15 -47 6 -7 15 2 -29 9 -15 -32 -19 -1 47 22 8 -18 -12 -8 -15 -26 11 -9 11 10 4 -1 9 -8 -4 8 17 -14 -5 -8 -17 9 20 24 36 -22 -11 -9 5 2 0 -30 26 3 29 -31 14 -17 10 -7 -10 12 13 -25 -2 12 9 52 -29 15 -15 -8 -12 8 -3 4 6 6 26 -5 -9 -10 21 34 13 24 -31 28 -33 14 -14 -21]
[-6 39 14 -19 -2 13 10 21 -6 -1 -6 -12 0 2 -4 5 4 -13 35 -18 4 -1 -16 1 -18 -14 -40 8 9 14 7 0 -35 15 9 0 4 14 -3 -4 -19 15 18 23 5 16 13 1 -27 9 2 -6 5 -1 21 -15 -10 -9 -28 29 20 -7 11 10 -1 -2 -8 -1 14 5 -30 -16 -7 -8 42 -12 -45 11 -14 12 -42 21 13 19 31 15 -5 -9 0 -13 17 27 -5 18 -33 25 12 6 -26 -20 -14 19 -4 37 11 10 -1 31 -18 1 -36 -14 -15 33 1 -1 0 12 -9 21]
[23 -38 3 29 -11 14 -2 -19 -23 -29 -11 22 8 36 -13 -30 -31 9 -4 -7 -10 28 -10 -13 22 39 18 -16 22 9 4 -16 33 12 -25 -18 9 -23 4 -16 32 2 8 -5 5 -37 -16 -34 7 8 -1 -23 20 6 -6 10 7 13 22 13 -11 8 1 -15 13 9 4 33 -44 -22 17 7 -5 -9 -15 -10 7 17 -7 13 22 19 -24 0 -8 15 16 0 -9 25 -9 0 18 5 -10 -8 -11 -19 12 -3 3 25 -4 -24 9 -23 -6 7 -8 -5 16 -4 -17 -12 -28 2 -7 17 1 -10]
[18 25 9 -25 -21 -27 5 23 -32 23 -16 15 -10 19 0 17 -32 35 7 -5 28 19 -10 0 3 -18 -8 -7 10 -4 -6 -20 -17 9 -6 29 -32 -9 -7 24 19 16 -21 43 15 20 -32 10 6 0 15 4 8 -4 -14 25 -33 -26 -11 -11 5 9 -23 31 -5 13 -24 32 28 16 -7 4 3 -21 20 3 4 17 -14 13 -15 -3 -5 24 -9 -4 -14 -9 8 -21 10 22 2 9 -2 9 38 5 22 13 -24 12 -4 20 -2 -29 -9 19 -19 9 -33 -45 12 -6 11 -23 10 30 -37 18]
[11 -4 -14 18 12 26 5 -12 -8 1 11 -6 20 4 28 0 -38 -33 -9 3 -11 13 -15 -13 -4 21 -5 2 -1 -8 -52 12 -16 -16 6 2 -26 24 -15 -5 0 30 0 37 -14 17 -25 -2 3 6 5 -20 -18 -16 -1 -11 -5 -14 -2 -6 2 24 -18 -21 -8 7 0 -4 15 16 -19 -3 11 -16 1 4 -3 -10 3 -35 -30 -14 25 23 30 4 16 4 -12 -2 -18 30 2 -12 -14 4 15 24 -3 -12 -4 -8 0 9 8 13 -15 -6 -1 -9 -28 -30 -5 -7 3 1 35 20 -9 11]
[12 36 -3 26 3 12 -8 8 -15 15 -9 5 -43 7 -9 -1 -15 -15 -19 7 -26 -7 -10 -3 2 -9 0 2 9 6 -24 -8 -16 -6 21 0 -20 37 -39 9 -11 -16 37 16 -4 31 -3 7 5 10 -9 18 1 0 28 11 8 -7 -28 0 -11 -14 -13 17 19 -20 -11 9 33 -15 4 20 -35 -18 36 -9 -31 13 -19 -5 -6 13 12 18 8 8 -8 9 -8 -10 -25 -35 -16 -20 -23 -8 31 -16 -1 9 7 20 3 21 6 -7 -23 -28 0 12 -6 -14 7 19 -17 -4 31 5 -8 -18]
[3 35 -4 -24 24 -12 -6 -2 -17 20 -10 16 12 16 27 10 -18 -21 11 -27 15 4 -26 -18 -11 6 -1 23 -11 -25 -13 -17 -19 -22 8 -8 -7 3 -6 0 -28 -2 -13 -31 1 11 18 -3 4 -14 -31 26 0 10 31 10 -13 -17 11 17 -7 2 -25 9 -17 -24 7 18 6 33 8 8 -3 -7 24 -21 7 23 16 -3 -23 -32 10 -15 21 20 -18 -2 -6 -9 -8 19 -18 -19 -4 -10 -4 -12 -11 27 -14 3 8 4 10 38 1 33 -19 27 -28 3 2 22 3 -31 -15 -8 -4 41]
[9 -25 21 20 -9 11 17 -15 3 -2 30 3 -14 -15 -15 6 0 25 -46 15 -32 18 18 8 12 19 21 -23 -15 -2 -1 -1 2 7 19 4 -24 1 22 -14 4 12 -7 -3 9 -16 4 17 2 38 -2 -15 -32 -12 -7 -13 9 -2 16 -22 4 25 18 -6 5 3 -16 9 -2 -24 -4 -6 -17 15 -1 -3 26 -22 -28 -20 21 -5 -30 -12 0 1 28 20 -2 12 -10 -50 -1 -14 19 -9 -13 -2 22 -8 -10 -20 19 -30 3 -2 -19 -22 13 -18 29 -26 -15 -17 -12 10 16 -6 14 -33]
[27 12 31 27 19 9 -8 6 1 18 36 20 24 -17 7 24 -25 -17 9 32 22 -1 -7 14 -5 10 -8 30 9 -13 -27 9 -23 4 11 25 -22 39 -9 -40 -48 24 14 40 -23 21 -3 20 -10 -14 -6 -18 5 20 9 -1 -21 -32 22 0 0 21 -16 -15 -14 12 -10 4 8 6 -49 7 -29 24 27 -27 -11 30 8 -21 7 -29 -31 19 -23 2 27 -21 -40 2 2 12 -1 -14 -2 11 -4 19 -23 -3 -41 15 5 14 18 20 -3 7 -1 -14 -11 -33 2 -6 -1 -24 20 -9 -28 2]
[23 1 11 7 3 -7 14 -14 4 -24 16 -20 7 17 -6 35 27 5 2 -4 12 -6 -5 -2 4 -2 -5 12 -1 9 28 11 3 -1 32 -3 5 -25 -20 -16 15 18 -11 8 11 -27 -3 -19 15 16 -19 6 -6 -26 -12 -10 10 -27 17 -11 4 20 15 14 -16 13 6 -20 22 42 5 -31 16 20 -11 -12 -22 -5 6 21 -13 -11 1 -22 20 3 -2 1 43 11 15 28 -8 16 11 -19 -11 25 23 1 -10 -16 25 13 11 -23 2 9 19 -3 -23 15 2 22 1 -6 2 2 37 15]
[-12 45 0 -9 11 -5 24 46 -44 -27 -12 36 -5 -6 13 7 -14 -25 27 -2 -7 12 -21 -32 -6 0 -6 31 -17 -7 -8 -20 -31 10 -22 11 -7 0 18 7 -1 12 -27 25 -39 27 -11 5 -18 18 -10 -9 -10 -10 24 -2 -23 -31 -16 6 13 -27 12 1 3 -4 3 -6 44 23 -3 18 -6 -14 21 -30 -16 8 -9 5 -33 16 5 1 13 -4 -31 -7 13 -1 -4 2 -17 17 -29 22 29 27 -26 35 -22 4 -6 53 5 2 6 5 -38 5 -15 -29 1 25 29 -12 -8 40 -18 -1]
[-3 -6 -6 11 -11 -10 22 -11 -7 24 -25 11 -34 -14 -22 -10 4 2 -22 6 -24 4 -16 -12 3 25 7 6 -6 1 -18 -29 26 -17 6 -21 -5 13 -13 13 7 15 2 -49 -25 -18 5 2 20 14 -22 12 -6 -34 9 20 -3 -9 -22 -13 23 -12 -13 14 -10 -21 -9 19 38 7 20 33 12 -27 -14 -14 -4 8 1 -27 -8 13 13 -29 16 -12 -10 -13 14 -8 -6 -62 -3 -4 3 7 5 3 3 20 -18 8 7 13 -14 -1 -2 14 1 10 10 9 -7 1 -17 -20 -27 -10 0 8]
[3 -8 21 17 3 -18 -12 -6 9 14 6 -23 -7 5 19 -5 -31 8 -25 7 -23 -3 -29 4 16 15 6 14 3 -7 2 6 -6 -1 12 2 10 23 -23 -20 -11 -13 2 14 27 15 -6 -7 -9 -1 -5 18 6 27 34 12 -7 -1 27 10 -20 6 10 -9 -13 12 -18 8 -6 -20 -18 -26 -43 49 33 3 -2 13 -1 -3 9 14 -56 -1 -21 20 27 0 6 -6 22 -4 16 -35 2 -42 -16 -6 -33 -7 -18 3 -8 -20 35 -32 -20 -1 17 -5 -8 4 -6 -11 0 -7 31 -36 29 -17]
[21 -31 12 8 -7 13 -15 7 0 -12 14 -10 -18 -19 -23 -19 -16 21 -12 -10 10 -23 7 13 -23 -3 -6 -10 -12 18 26 -4 -31 35 17 -11 18 -38 1 -24 -17 -17 28 -18 13 -18 35 3 16 -21 4 -4 8 20 -29 32 14 32 12 16 -21 -1 4 -13 -8 -14 -7 -1 -26 -34 21 4 -11 30 -6 1 2 1 18 -3 31 5 10 -13 -9 23 10 -6 -37 4 1 24 3 -2 -33 14 -48 -18 1 -18 -18 24 19 -35 6 18 17 18 -14 14 3 17 -10 0 -30 29 -43 5 -2 2]
[6 -13 23 22 -15 -11 16 15 -25 38 8 -9 -9 -22 -14 12 -29 1 -12 24 -26 14 -11 -4 -47 39 -11 1 4 -15 33 -13 11 -14 28 29 -53 11 24 13 -9 18 -23 -33 4 -14 20 -4 31 47 -27 -2 5 -6 -26 11 19 -29 9 -17 -2 0 8 34 -30 19 3 2 11 40 13 1 -34 24 -4 -21 -1 13 -20 -9 6 -29 -26 -23 5 8 7 -13 12 24 7 -26 -4 -14 -15 -52 7 13 30 31 -60 -12 27 -33 10 -5 -12 11 -10 -27 -32 -39 -24 -11 -9 -6 -14 -6 14 3]
[-22 -13 -22 -27 -37 -15 7 -10 -17 38 -9 2 17 -24 10 -22 -9 20 -30 -9 -11 7 -7 28 11 15 22 12 -3 -2 -1 -50 22 -31 -16 0 -22 40 -27 29 67 9 39 -5 2 -10 -20 -19 29 -27 -34 27 35 -19 4 34 -9 13 -2 -23 -18 -21 2 9 -22 22 -20 -4 -19 23 -9 -11 33 -10 -12 18 -16 -7 8 11 -5 14 -9 3 -38 -11 -31 -30 36 -16 26 16 23 -6 -17 -31 -12 0 -17 11 15 0 -12 25 -8 -18 18 11 6 -33 -26 17 -14 15 16 31 9 -10 8 3]
[-14 0 13 17 19 -6 -5 -9 -11 -17 -1 -27 -8 -7 -4 19 31 -2 -15 -8 10 -18 18 11 -12 -62 2 -12 -13 -19 4 12 -6 20 47 18 -2 3 -12 7 -18 -14 -5 -1 18 -3 10 41 25 16 8 6 -27 -2 -2 23 -49 17 -41 -5 -4 14 -20 25 4 -26 17 7 7 6 -17 15 18 14 1 18 -10 6 14 -31 -36 -19 13 -17 8 -20 13 14 1 -12 -6 3 -22 -9 20 35 -21 -14 11 -4 7 2 15 -23 -18 -5 6 15 9 36 -42 -8 7 -15 2 -32 -24 1 -4 8]
[8 3 -17 -5 1 -9 3 20 -15 -18 30 -13 26 2 35 28 -7 12 -15 0 -7 -9 2 23 12 -1 49 -40 -4 5 -4 3 4 -21 -40 15 11 -23 25 4 3 -13 -19 32 35 17 -28 13 -8 6 6 -18 -7 0 -3 -6 -32 10 29 -8 -27 -5 17 -23 5 6 21 7 -28 2 0 -14 9 30 -15 9 32 3 5 -23 7 -8 -32 16 3 1 6 -4 -6 -2 -6 8 24 -15 25 -13 13 -11 29 -26 35 9 -3 -25 8 -18 -8 -23 -5 -2 2 -20 28 -29 10 -8 -3 -14 -10 -26]
[-29 -16 24 6 14 3 17 -1 11 -56 -10 -17 -16 11 -19 -5 8 -5 11 10 16 16 2 -12 24 -43 -14 34 -20 5 27 -9 -4 17 -10 4 44 -18 11 14 -18 7 0 22 -10 11 4 25 -1 -6 14 -12 -1 2 -1 -27 0 23 -3 4 20 -15 6 -12 18 -21 14 -23 -26 6 -21 -12 4 15 13 1 8 -6 -10 9 -5 37 12 4 -17 12 -4 -4 17 -7 12 -5 -24 50 25 21 18 6 -2 -16 40 -17 26 8 1 -16 38 -7 12 -21 -12 4 23 9 20 -10 -2 22 17 -13]
[15 0 -4 -12 -45 -8 -7 33 -6 47 -27 14 32 -12 -15 17 1 37 -6 26 6 4 -18 9 -21 -6 -18 -1 10 -6 -1 27 16 23 16 0 -17 18 -15 -3 34 14 7 -2 -3 -27 -24 10 -4 10 2 -7 -5 -2 -13 14 -33 -20 -12 23 -9 41 -14 -5 -28 6 -8 2 21 6 -4 -11 -3 -9 13 7 -1 25 -17 -4 -13 -26 -6 18 2 8 2 -4 -13 -15 23 2 32 -20 2 -5 12 17 9 0 -29 20 -23 -21 -12 0 -31 -8 -18 -6 -6 -18 -10 -38 -7 -25 -11 -13 -27 35]
[31 25 38 18 30 -15 -5 18 -2 -23 32 5 2 -9 -9 40 -12 29 11 23 0 -30 -7 3 5 -5 -1 -5 -5 -2 17 14 -21 21 -6 22 5 -15 2 -23 -30 1 26 32 33 16 10 48 -7 9 -7 -25 -1 -5 -11 -2 -40 6 30 -14 -36 23 20 -4 7 30 4 10 -15 22 -34 -18 -29 63 42 -25 5 -4 -6 -21 42 0 -29 2 -5 -8 12 3 -4 14 -13 28 5 4 8 -12 -5 -7 -6 -10 -19 0 6 -13 36 -7 -22 16 -2 -18 -5 -19 16 -10 -11 -15 7 -9 7 -31]
[5 24 0 1 12 -15 18 57 -42 -10 -14 32 -42 13 -34 33 -13 -15 7 -12 -21 -2 -11 -19 -27 -4 -24 -1 6 4 0 -17 -3 2 -1 4 -25 15 -6 7 -11 14 -12 -4 -14 -2 11 19 17 30 -3 4 1 -26 20 2 -13 -23 -4 17 -4 -16 -28 25 8 -3 9 18 27 29 15 20 0 -3 0 -41 -1 6 -21 -17 -39 7 23 -3 26 -11 -11 -13 1 0 -19 -25 -19 4 -20 14 19 -2 -14 15 -21 16 13 15 13 -5 -22 3 -41 5 -22 -24 0 20 -44 -8 -15 17 -18 -13]
[9 -18 0 -4 6 -18 -10 -9 -6 6 0 -14 -5 20 5 -8 -45 34 -5 -9 2 2 -20 -12 19 -2 -11 0 -5 25 -7 23 1 12 -8 6 26 -36 20 -13 -6 -3 -14 14 23 -5 6 -16 -9 -7 43 -39 4 22 -29 0 7 18 47 25 -21 7 2 -13 -1 14 8 -6 -23 -19 4 -18 -16 37 -13 21 37 0 -5 -14 15 23 -13 3 0 21 29 -1 -19 -6 21 21 22 -2 5 -10 -7 28 -13 -13 -1 -4 1 -41 3 -20 -12 8 -12 17 3 8 -14 -21 -25 11 19 7 -2 -21]
[-2 8 -1 20 20 15 -19 21 0 -2 -7 13 6 21 -5 -2 -6 -25 38 11 34 20 8 -17 -22 -8 -30 -6 1 3 -28 11 -2 2 14 6 3 -8 1 5 -42 -7 14 14 -7 26 10 11 -35 -5 10 -15 8 30 17 -30 5 -4 -5 34 12 -10 -39 0 15 1 7 -8 -20 -9 -22 13 -7 -17 13 -4 -2 8 -15 -7 1 -12 31 10 3 39 7 -5 -20 -7 -19 -2 -13 -2 -27 21 11 -3 1 -24 27 -7 -13 23 14 3 12 -4 3 0 -11 -35 -7 14 -6 -4 42 26 -38 -16]
[-15 5 4 5 4 -3 -17 -10 -7 -20 -3 -9 52 -6 27 -5 -29 12 11 -5 -6 8 -11 32 10 9 -7 8 -45 6 -45 23 -34 -18 -8 38 -20 6 -2 13 24 7 22 45 -7 29 -30 22 -6 -12 19 2 2 8 15 22 -69 9 -10 -6 -35 17 -23 -34 -11 15 16 -37 -9 -15 -20 -5 17 18 1 2 -20 -13 15 -24 -16 3 35 36 -6 16 14 -29 -14 -28 -28 19 -10 -28 -30 16 -22 -25 1 -35 34 21 -9 -10 -1 12 31 -15 15 30 -20 -8 -16 -10 33 11 38 7 -44 28]
[-25 30 -18 -23 10 -9 -27 15 15 -7 -30 -22 -10 0 42 -18 -7 -41 36 6 -8 -22 -41 -18 -16 -8 -20 16 10 -19 -13 13 -19 5 -3 12 21 5 -27 40 -5 7 2 13 -27 34 -4 -30 -11 -24 -11 35 9 18 24 -24 21 -8 3 22 -15 3 -6 -5 -20 19 -10 -39 2 30 -14 -41 -8 8 11 1 1 -8 -11 15 -16 11 34 22 -21 17 -13 -9 13 -11 2 22 0 -9 -47 -33 13 -8 -40 -7 17 -41 -3 40 30 24 -10 5 -7 -1 -10 6 10 3 29 17 23 -2 3 22]
[6 -9 -12 -15 -20 14 40 16 -3 47 -20 14 -27 6 -23 -2 -17 10 3 -11 -7 17 12 -17 11 28 3 20 35 -7 -1 -34 23 -6 -8 -22 -3 -6 -25 -4 1 4 -15 -29 -12 -27 0 6 12 8 -10 -6 21 -32 -20 18 -18 18 -4 1 25 -7 7 16 0 -3 5 55 9 12 10 30 10 -25 -29 -3 18 8 -14 -6 -9 15 -13 -7 7 -28 -12 13 6 -4 6 -13 12 41 18 21 30 30 -11 20 -25 16 7 26 -14 -31 -20 20 -38 -29 2 4 15 0 -17 -21 -41 16 1 -18]
[1 4 -12 -28 -30 22 5 31 9 17 -23 -1 28 -40 -11 19 29 12 9 -6 11 -6 -3 19 -43 -16 -23 -34 -18 -9 40 7 18 7 -3 -17 2 -18 -1 -2 27 -7 17 3 6 -31 -23 7 -30 27 -19 9 3 6 -47 -3 44 -2 -14 -7 15 20 -1 4 -30 20 -8 -9 7 19 -7 0 15 -3 -30 21 12 6 -5 6 11 -17 4 9 -37 21 -26 -1 0 -8 -2 3 31 10 -14 -30 26 11 16 -8 -1 -5 -17 12 -12 9 15 7 8 -17 2 19 20 -26 31 -3 -12 12 16 23]
[23 10 -14 -4 6 1 23 -6 0 -26 -17 32 -19 23 -19 11 -22 41 14 -10 33 4 0 -28 26 -9 6 4 -9 -9 -12 12 -22 4 -33 2 16 -38 20 -11 -2 15 -10 22 -9 -6 -4 11 -7 -6 18 -26 -6 -8 -30 -7 11 -10 25 -25 -4 6 -7 -15 16 5 -1 3 1 -4 9 15 -7 -6 -7 1 18 -13 -9 0 30 1 9 9 -5 7 -7 -9 -18 12 -31 1 -34 12 26 17 30 9 40 5 23 3 16 -2 -10 4 -3 -28 -12 6 42 3 20 -6 0 -12 -5 43 -28 20]
[6 18 7 -13 16 -15 5 21 -3 24 23 27 -12 1 15 28 7 -3 -11 1 -28 -42 1 8 -16 9 9 -35 -1 4 -6 -9 -8 -6 -11 4 -6 21 2 -7 -12 -1 2 19 16 21 -2 4 -12 4 -13 3 5 0 20 4 15 -24 28 -19 4 -8 1 5 -10 19 -26 21 31 29 -5 2 -11 17 12 -22 8 16 8 -3 16 -10 -34 -6 20 -38 -15 2 4 5 10 6 20 -10 -3 -25 23 16 -9 23 -24 -9 -28 22 22 -4 -10 7 -5 -8 -1 12 17 15 8 10 10 -15 0 -23]
[-13 27 8 -23 -17 -15 1 41 -27 13 -13 -10 -11 -12 3 13 8 -12 14 -8 -13 3 -10 11 -29 -20 7 13 18 -28 30 -27 3 2 8 5 -15 -17 -12 26 1 -21 -15 -26 0 -2 5 4 0 36 -24 28 2 5 1 -8 -7 12 -19 7 -8 -10 10 10 -21 -11 6 5 -10 11 19 -10 -22 15 -8 2 7 7 -15 6 -24 6 -4 4 -10 14 -19 9 15 -12 -6 -37 -15 8 -11 -20 22 -20 2 6 4 3 22 20 -3 15 -4 -9 -9 2 -16 -19 -2 14 9 -9 -22 -9 10 -4]
[-2 16 -3 -23 -12 3 7 17 -17 20 18 -6 0 13 21 14 -34 -21 -1 -22 -10 -9 9 7 2 29 8 -28 26 17 -28 -34 12 -17 -18 -2 -12 0 -31 47 6 -20 -19 2 5 15 -24 -8 8 8 -9 16 37 4 6 -5 3 -2 10 -5 -13 -9 -23 -1 -3 30 -12 20 -9 1 6 -3 -9 -20 -5 -1 -1 9 -8 -6 5 3 -22 25 27 -15 -10 20 18 -14 0 12 20 1 -5 -31 28 2 12 -9 7 13 -4 22 13 -14 3 -13 10 -22 -15 -21 18 12 -17 24 30 -14 -14 -46]
[-11 36 12 -32 4 -22 -11 14 -6 10 35 -3 -10 -13 18 3 9 -8 -9 -26 -1 -45 9 31 -18 -15 14 -17 3 -17 6 -28 -9 -7 9 -7 -10 22 -6 15 -7 -33 0 16 27 48 -9 14 -16 -19 2 31 8 3 23 3 -12 11 -17 3 -21 -25 10 11 -7 -22 -29 25 14 -7 23 -10 -2 7 35 5 -7 -5 39 -10 -5 -3 -24 -6 16 -15 -22 0 1 -23 24 8 17 -11 -5 -8 -2 -35 -41 17 -8 30 -22 33 7 -4 3 15 -7 27 -17 2 5 21 8 4 -11 -18 -9 -20]
[-22 -37 20 -37 -3 24 23 12 -38 -9 -14 11 31 7 11 -5 -14 17 12 3 21 57 18 -3 3 9 -7 -6 8 9 -19 -5 -25 -22 -16 -4 -17 -47 41 -7 0 16 -39 -13 -31 7 5 -7 -8 18 21 -21 -20 4 1 0 -7 -31 -4 -5 28 10 -25 -9 0 -11 27 -15 6 16 10 9 -1 -22 -2 -6 1 30 -1 10 2 -11 10 10 17 6 -3 9 -8 -1 1 26 -38 22 -17 42 9 40 44 -26 -19 26 -18 9 -19 21 40 -17 -26 -18 -9 -36 -15 18 15 8 -26 26 -32 23]
[56 0 33 31 -18 -20 10 5 14 43 -1 12 -20 24 -27 7 -30 17 -3 29 28 17 -14 -13 -31 38 -11 -5 28 -10 27 8 15 15 11 -17 9 -14 -15 -18 -23 8 1 -4 24 -27 8 -9 -5 -1 -38 -12 25 -5 -45 -20 27 1 33 1 16 24 1 22 -14 33 1 48 -1 3 4 7 -12 20 -9 -12 20 14 -13 -7 15 1 -26 -12 14 2 -3 -1 -4 1 4 4 27 30 -1 -39 47 13 -5 13 -30 -23 36 -4 27 -24 -35 29 -9 -19 -2 -8 15 -9 -25 -40 25 -6 15 5]
[-17 3 -4 -11 -9 -20 -39 6 17 20 -1 1 14 -37 0 -3 23 21 12 -3 34 -36 -2 18 -19 -10 -2 0 -10 7 45 14 11 3 -8 16 17 -4 11 8 31 -31 12 20 -1 5 3 -21 0 -25 7 -8 15 9 -60 6 17 19 -3 0 -9 -26 18 1 -7 26 -20 -26 3 -8 -5 -15 16 10 -20 30 14 -28 4 10 17 6 -16 1 -37 -25 -10 -18 15 -7 36 19 27 9 -16 -14 7 16 -25 20 -4 -24 -20 14 -16 -9 -2 9 -1 -7 10 35 -6 -30 26 16 -4 8 2 7]
[-13 6 -16 7 22 4 10 -12 -3 1 8 4 -14 -21 7 7 18 -16 5 -28 -5 -10 -4 -24 -7 5 18 21 -2 9 3 -17 -10 -2 17 2 -12 16 -3 -25 -50 22 -20 -22 -15 5 18 12 -6 -19 -19 -5 -18 -21 31 17 -21 -1 -28 14 23 -18 17 26 0 -20 -11 12 -2 16 -15 -6 23 -5 -2 3 -36 -2 23 -16 -28 -9 -3 -33 51 -3 10 3 14 -8 5 -2 -5 4 -34 39 -26 10 -10 0 -6 15 11 22 -19 -26 3 56 -22 52 -22 -3 -33 29 -15 -15 -30 12 20 -20]
[22 21 1 14 3 -14 -3 0 37 26 35 8 -19 -24 -12 13 -5 -24 19 21 -2 -11 17 -16 -22 42 -9 8 30 -14 9 0 -10 4 2 1 1 11 -17 -1 -51 -7 6 -52 0 -24 25 22 20 11 -36 27 37 -22 8 -10 14 -13 25 -8 -7 -9 6 3 5 11 1 13 20 8 21 29 -16 18 11 -27 8 5 18 -1 29 -8 -6 -18 17 -13 -24 -8 -19 37 -24 -14 10 2 5 -15 9 -20 -24 18 -51 -3 30 15 34 16 -2 1 -21 -20 19 -25 6 9 -11 -10 -20 -19 7 -4]
[-17 -24 9 -12 19 2 -17 -7 14 -9 24 7 -7 -15 -16 23 22 -16 42 17 29 -23 28 20 -3 -12 -12 -15 6 17 19 -1 10 2 -36 19 -5 3 -1 23 -3 -8 -6 45 -1 18 -27 -1 11 -24 26 6 32 -16 -20 -28 16 19 -14 -27 15 -7 -7 9 3 67 -24 0 -9 6 -11 -27 26 4 -38 9 -3 -23 12 20 39 10 -1 24 -6 -35 -16 -4 29 -5 11 33 5 54 -6 9 10 2 17 -18 15 9 -15 26 0 -31 29 1 31 -18 2 3 19 5 2 9 19 1 -5 -16]
[3 -37 10 -4 -15 27 49 -7 10 11 6 9 25 1 -19 -18 -14 2 -4 31 23 31 40 -1 8 17 4 -8 24 -3 -8 -7 19 11 -17 -29 -5 7 29 -3 11 5 -24 -4 -19 -30 -1 -11 11 -14 8 -37 26 -29 -48 -16 8 0 12 -13 1 16 6 -12 6 18 33 11 -22 1 17 19 10 -20 -34 10 32 -16 1 -6 14 13 -31 1 -4 -32 -19 9 0 14 3 19 -4 33 30 5 24 54 -6 16 0 -2 -15 -16 -13 5 18 -23 -19 -44 13 3 9 -1 -13 -14 -25 15 -24 -1]
[36 -7 -13 22 15 -4 -4 -2 -13 -33 34 7 -10 28 45 -1 -13 11 -26 -14 -13 -22 -12 -22 13 -10 32 -36 14 -4 -16 0 15 6 -17 19 34 -23 2 -2 7 -32 10 48 30 24 -32 7 -7 10 6 -9 1 8 -12 6 19 40 11 -19 -29 -24 21 -15 22 -4 -16 12 7 -27 4 3 5 7 -15 3 3 2 1 -1 23 -4 11 0 -2 -3 13 27 -16 11 -12 8 18 -20 23 -24 15 -25 2 -3 29 -7 22 -9 22 -34 -33 1 37 6 34 -5 17 -9 7 19 35 -7 27 -52]
[-18 3 28 -40 3 -15 16 25 -29 16 -8 17 -33 18 2 14 -23 14 9 -16 -18 6 -1 5 -12 20 6 -9 18 7 22 -48 -17 -12 -14 24 -3 0 -10 29 24 -4 -1 9 16 5 5 -4 23 10 -25 22 24 -8 -25 25 -2 23 2 -22 20 -21 10 32 0 33 -32 27 9 34 -3 3 28 -4 7 -20 -2 16 -4 24 1 15 0 0 18 -37 -9 5 18 8 21 24 -4 32 -16 8 35 0 -7 0 -31 -8 10 33 5 -11 -5 34 -26 -40 -35 10 22 18 6 24 -12 5 8 -4]
[22 28 16 -3 13 -6 3 43 -1 8 2 28 -17 -9 -4 35 -17 -8 17 5 -1 -5 -21 1 -41 21 -26 19 -23 -5 33 14 -52 -6 -3 -4 -13 -7 -3 -28 -34 -4 8 13 8 -6 8 12 -10 26 -23 3 -11 4 -24 2 30 -15 18 -5 20 -3 9 -18 -32 25 -24 -1 33 23 1 3 -6 29 4 -18 7 4 4 11 0 -7 9 1 30 11 -14 -7 -17 9 -10 3 4 19 -9 -17 35 24 -7 10 -48 -13 24 14 14 26 -1 -5 -21 -11 -9 3 6 25 22 -4 7 3 13 38]
[19 -8 -8 23 12 17 6 -15 1 -41 2 -19 -36 4 -27 7 19 -11 -23 3 -17 -2 1 -5 11 -3 12 -24 -9 18 12 0 15 21 28 -8 -13 5 -23 -6 -6 17 18 -18 19 -24 0 9 18 29 1 7 -32 -35 1 20 12 0 -16 1 22 15 -3 16 15 -28 -11 -8 9 8 1 17 22 -19 12 -9 -10 -1 11 -18 -15 -12 11 -11 32 12 27 12 2 22 -13 -28 13 -7 28 13 -19 -19 16 -23 -3 -15 22 -50 13 15 -10 8 8 6 -4 -3 8 -8 -40 -4 -17 -13 28 -3]
[-16 1 -22 -32 -4 -9 0 10 -4 3 -12 6 15 8 -6 -10 -24 -8 30 -19 43 21 6 -24 -7 21 3 19 7 -12 -3 -8 10 -5 -44 -2 14 -29 23 2 -11 8 -36 12 -34 31 -5 -3 0 -18 2 -11 3 -2 -20 -9 7 27 23 1 -1 -20 -9 2 28 8 3 0 -16 5 13 28 19 -24 -32 -8 24 -11 -5 -6 6 -14 18 9 5 -24 -13 -3 -20 9 10 16 11 32 7 30 16 1 -9 3 0 -6 -3 23 -4 9 5 16 -44 -10 11 -14 0 -11 13 32 -23 40 -40 -8]
[-1 -14 38 4 14 18 28 -13 -29 -7 15 -12 -14 3 -14 1 -34 15 -17 -3 -1 33 16 10 16 -3 -15 16 -21 13 3 -33 -6 -5 -2 -4 -20 -26 30 -1 -9 13 -9 12 19 22 9 12 -6 10 19 -26 3 24 -4 -1 -33 17 5 -2 24 -3 2 19 -6 2 20 28 -5 -9 -5 4 -21 9 16 -3 -18 4 -8 7 6 1 1 -1 18 11 13 13 3 -15 14 33 -26 14 18 28 2 17 35 -6 -14 31 18 -11 -17 -26 28 14 10 -1 -44 -18 -1 19 -2 3 17 4 4 -21]
[20 -26 43 8 -28 26 21 5 22 29 -12 -4 -22 9 -27 4 -45 10 6 30 -14 20 -2 30 -26 25 -48 19 -8 -3 22 19 -7 6 30 -17 -20 -13 -15 -17 -3 -3 16 24 22 -30 -8 5 -16 21 11 -28 9 -21 -48 -16 12 0 0 3 20 15 15 -14 -35 21 -15 3 4 -6 -10 9 -19 21 -17 0 7 -13 -17 8 -2 40 -8 8 2 12 7 -5 8 -20 14 -7 7 35 7 -27 39 43 -10 15 -19 -11 0 -14 8 -8 8 -10 8 -27 4 -5 -5 26 15 -27 27 20 8 1]
[8 -5 -10 -14 42 0 -1 -15 -4 -13 17 15 -46 15 17 -9 -23 -13 -6 -25 -12 -23 19 -19 10 0 3 17 16 -18 -30 -24 -36 -1 -12 -2 -17 -4 -4 -16 -18 3 -18 8 -2 44 7 22 16 -26 5 17 -12 -6 28 16 -5 12 15 -14 -20 -18 -6 3 14 -5 -43 19 12 9 -4 2 16 2 23 -14 10 -20 15 4 18 -6 31 -3 16 -33 2 11 -11 8 -7 36 -13 -12 6 25 -16 -14 -16 19 -23 6 1 15 20 -15 -20 10 0 12 3 6 7 25 -6 31 -5 10 4 -17]
[20 -23 7 -4 9 13 14 -2 -18 -25 -12 27 -31 22 1 -16 -30 39 -23 17 -21 25 21 -7 27 8 -12 -7 -17 8 -20 -2 -11 12 -16 -7 -13 -29 -5 -10 34 -8 16 -5 10 -8 0 11 9 17 2 -5 12 -8 -9 29 -4 5 34 -25 -9 13 1 0 1 26 1 1 10 -8 27 30 -1 4 -14 -24 15 -10 -16 27 44 8 16 5 -10 -26 2 23 -13 10 -17 31 -13 -18 20 10 -8 10 20 10 -34 -8 1 -38 30 -12 3 -22 -1 -20 9 1 10 20 -2 41 21 22 0 4]
[20 -23 -5 12 14 25 30 -14 15 -35 3 0 4 1 2 -26 17 20 -38 -3 -17 24 7 -13 29 -6 -10 -13 -37 2 -33 24 -13 5 1 -36 12 -17 42 -46 -8 11 -17 -26 14 -12 31 7 -8 29 25 -24 -38 0 -5 -13 -7 2 9 7 15 32 15 -40 13 -38 35 -7 14 -21 14 27 -5 3 0 8 17 -10 -6 -34 5 -2 21 -16 -10 19 33 13 -20 24 -16 -28 -12 -14 42 40 -40 20 -9 -2 -22 -1 2 -48 -4 23 -3 -29 24 9 23 24 -6 -11 -6 -3 -12 0 2 14]
[-22 -28 3 -42 8 -10 1 -17 4 -21 -21 24 8 4 -17 -5 9 24 29 -12 44 5 8 -14 23 -47 7 -3 25 -17 -3 -4 -6 16 -44 2 19 10 15 -12 2 9 -4 38 -24 14 -12 -10 -12 -35 29 -3 6 -12 -8 -43 15 -6 16 -24 2 -1 -12 -19 31 12 -12 -16 -8 6 -6 -21 -5 1 8 26 22 -13 7 4 18 18 -12 23 -19 -18 -28 -11 8 -4 5 18 -53 33 3 24 27 6 -6 -3 35 6 -27 33 -14 6 24 -27 -12 -19 32 12 3 -5 9 -3 -13 28 -13 9]
[-40 -14 14 -23 -5 -20 -20 -4 28 18 5 -21 24 -38 11 5 8 16 44 -10 21 -27 -2 9 -30 13 -1 -6 1 8 47 17 -17 -10 -31 28 26 -36 36 18 -33 -5 -24 -12 -12 9 22 -9 -14 -27 9 -23 -1 -3 -41 -13 12 22 4 -8 -1 -16 26 0 3 40 2 -25 -22 18 -19 -33 10 32 -29 24 8 -22 -5 6 34 14 -19 -1 -1 -35 -8 -12 15 0 19 25 3 45 -31 -16 5 17 -4 -18 2 -21 -9 14 -11 -1 9 33 -11 -11 29 4 -13 -22 24 16 -21 6 9 -19]
[16 -15 38 -20 -20 -3 9 12 1 -6 10 4 35 14 -5 32 -5 -3 18 -3 24 -13 18 10 -26 -5 -13 -32 5 -21 8 6 15 4 -13 6 -13 -25 25 -26 -14 20 -16 54 1 -3 -28 -11 -20 13 16 -9 -21 2 -31 -28 8 -23 -1 -33 32 23 -2 4 -11 19 -1 22 11 4 -3 -7 1 17 -11 3 -7 1 9 -7 -20 -32 -9 9 4 -9 -4 -23 -4 -11 0 31 2 23 11 5 23 -9 24 -20 -16 9 -6 11 -6 -7 6 15 5 -9 -3 -25 5 -1 18 -15 0 14 -17 -2]
[-2 19 2 -24 6 15 6 -39 25 38 17 12 -25 -25 -3 3 -11 2 4 -23 28 3 -10 -10 9 32 12 28 5 -11 -5 -10 -14 9 10 -23 -17 22 -10 -27 -58 32 2 -17 -20 6 13 7 -24 -32 -19 13 -8 -14 52 -18 11 -3 17 14 4 3 3 4 -16 6 -49 3 -6 -5 -19 -15 -15 -6 38 3 -12 -3 13 1 8 -24 -32 -19 42 25 -9 7 -6 -10 5 -14 -5 -18 -16 3 -19 2 -16 -1 -5 8 -14 33 10 33 0 26 -11 22 24 -9 -42 31 -6 9 5 -9 3 -12]
[-9 0 -10 -52 -2 -7 -14 -20 1 63 -9 21 22 -7 29 12 -29 16 16 -26 16 -6 -42 4 -14 13 12 12 2 -12 -7 -1 -22 -21 17 15 -3 50 -11 -20 -22 9 15 22 -10 26 -4 -26 -21 -36 -21 8 21 4 19 6 8 -12 18 12 7 -12 -13 -8 -20 -2 -44 -3 10 17 -17 -23 -20 -2 6 2 -18 22 21 4 -9 -21 -26 4 36 20 -5 -13 -9 -23 40 16 -21 -21 -33 -16 7 11 -15 2 16 6 -18 34 -12 28 13 33 -31 22 1 14 -38 25 25 -8 3 -5 -10 35]
[20 16 -31 -1 -4 16 -1 -23 -13 22 -2 16 -44 -10 -11 -24 17 20 -24 -19 6 -2 15 -4 29 -19 2 12 -7 3 -24 -37 25 12 -3 -13 -26 7 -26 -14 28 -6 48 -26 2 2 -15 -2 3 -5 4 12 7 -6 17 30 26 32 -4 0 9 -31 -11 -1 1 -26 -54 12 1 -22 4 17 -12 -43 15 16 -11 -11 14 9 24 -4 10 7 3 30 -16 37 -2 -5 -5 -20 -14 -14 -7 17 -10 -3 24 16 21 21 -2 17 -18 13 4 -1 10 19 9 11 -18 15 -17 34 -2 6 7 -21]
[15 21 29 37 24 -15 5 9 0 -11 25 13 -39 -17 -29 25 28 9 3 9 3 -14 6 -7 -3 -30 -3 41 -27 28 33 -4 -25 15 29 7 -5 1 -9 -53 -38 4 27 -21 19 -19 46 20 5 16 -5 0 -11 -20 3 1 -10 17 -4 4 18 -14 33 4 -1 -22 -4 -2 16 1 10 -7 -11 39 30 -17 -20 -3 25 -7 8 5 1 -32 32 14 0 1 6 10 -10 -40 -31 29 3 32 -7 13 -13 24 -17 4 48 -1 -12 11 2 8 -4 27 -5 23 -11 38 -26 -25 -20 -16 33 0]
[-11 -6 0 32 16 16 -11 -10 6 -32 15 -26 3 -6 -12 -9 49 -24 -30 -13 -7 -9 7 4 -5 -36 -14 14 -33 22 14 3 23 -2 25 -22 9 16 -1 -25 -33 -9 17 -21 2 -2 30 6 8 -4 9 -4 -25 11 23 7 13 3 -38 23 30 -10 0 16 10 -62 18 1 -9 -18 2 2 21 -8 -9 10 -29 1 13 -17 -38 -10 21 -21 9 13 27 5 -10 -9 13 -19 12 5 11 35 -50 0 -13 -11 2 0 17 -16 -22 -6 13 25 20 30 -34 21 -13 14 -22 -5 -10 -6 32 -6]
[2 50 18 6 20 12 3 39 -14 11 5 19 -5 21 23 22 -29 -17 9 20 -15 29 -4 -10 11 23 18 42 3 -4 -37 21 -22 -5 -22 7 -9 -5 -4 4 -29 4 -3 14 -25 30 -2 24 -16 -1 5 -6 -22 5 26 11 -28 -4 7 27 -12 5 -6 -20 7 0 -6 -11 13 -7 -15 3 -28 6 31 -29 -7 13 -12 -1 -4 -6 -2 21 33 15 -7 17 -25 3 -30 -16 6 -7 -17 -2 36 24 -9 -8 -1 -2 -5 11 13 20 -27 -35 -33 2 6 -32 16 6 8 10 40 -19 -33 -12]
[-15 -19 -11 -11 3 -2 -26 -40 31 -5 30 -24 -2 0 9 -18 7 0 7 -6 8 -22 26 4 20 -28 -2 -1 13 -2 -20 11 -24 14 5 8 20 20 -6 -1 -7 -15 23 20 0 27 4 -5 13 -36 37 10 17 -6 14 -1 18 19 -4 3 -16 -15 -10 -17 35 -21 -24 -25 1 -35 10 -14 -3 -4 6 17 -16 -28 24 13 22 23 14 18 3 -15 -4 4 -17 2 14 19 -18 4 6 17 -17 -12 -20 -12 32 10 -4 20 5 -9 23 -17 11 6 19 8 -5 11 2 29 9 6 -10 -11]
[-4 -17 2 -19 2 -21 -23 0 -11 -11 -8 -6 11 26 10 2 15 4 2 38 2 9 -16 12 34 8 59 -27 28 12 -15 15 14 -19 -35 -4 23 -13 -4 8 16 16 -14 12 7 5 -31 -24 -12 -13 22 3 -11 5 25 -6 -11 -34 21 16 -8 17 -16 -8 -1 19 10 3 -4 8 1 -33 -26 4 18 4 5 26 16 11 18 -4 -58 15 -11 3 3 -10 26 3 15 8 28 0 28 -29 -6 -13 16 -34 15 4 -34 -7 2 -18 -13 -19 -10 -13 27 -20 15 -22 -6 -5 7 -58 -1 -9]
[2 19 4 -2 12 -23 6 27 -16 16 0 37 6 -10 -23 42 -1 10 22 2 15 -1 5 7 -21 -5 18 14 5 -30 3 10 -2 -9 -44 10 -8 7 15 -11 -17 8 -9 51 -9 17 -26 42 -17 1 4 -10 -10 -16 -11 -16 -6 2 5 -30 -24 -8 -4 -3 8 24 -14 16 9 3 -8 7 -3 22 -14 -6 16 -6 -5 -19 12 -22 -14 18 -3 -7 -29 -9 -16 7 -16 -21 -13 24 6 5 45 5 1 9 20 21 -8 26 -18 2 -15 -27 -20 0 32 -15 21 -3 12 -17 4 1 -27 -6]
[-10 -23 -22 -15 -22 -5 -4 -15 -13 8 -17 17 20 -17 7 -12 -22 4 -40 -17 -2 4 -23 3 5 15 39 -10 -18 -14 -6 -35 6 -25 -22 4 -12 22 2 -5 23 -2 6 16 -24 13 -47 -18 3 -2 -32 8 -15 3 3 27 7 3 0 -30 10 -32 -3 -12 0 -2 -19 9 0 -10 -5 21 11 -15 -17 28 5 -4 9 -19 -12 -9 -15 -3 -9 -8 -7 -16 10 -18 0 -14 6 -32 -7 -20 7 -31 18 -4 21 9 -10 13 -19 -3 12 -5 0 3 10 -7 -33 -12 29 16 0 19 0 -7]
[14 -7 -13 5 32 -9 -33 22 -11 -16 24 34 -3 7 -7 18 20 19 1 18 15 3 0 8 19 -16 21 3 -11 43 -14 18 -2 -4 -40 -8 2 1 14 -40 -13 16 5 43 10 28 -12 30 -8 -34 47 -26 -16 -20 16 6 -6 -8 19 25 -10 0 -16 -32 24 -3 -22 5 -3 -8 11 -12 8 -2 -9 -7 19 -9 12 -4 39 -10 -9 17 -5 11 11 3 -18 1 6 -11 25 25 19 27 -8 19 2 -11 21 23 -22 3 -1 -7 -9 -23 -11 2 44 7 7 11 -45 2 15 -16 -21 -24]
[3 22 -36 1 -2 -3 -17 5 -4 -27 -24 -4 14 12 7 -21 17 0 -9 -15 -25 0 -18 0 2 -12 -16 9 -27 -8 -21 24 -3 -1 -4 -12 21 -11 -4 1 34 -10 40 -3 2 -5 2 -2 -17 6 4 5 -8 10 13 8 -1 -8 -14 8 -6 0 -1 -8 2 -31 24 -26 9 -22 21 16 10 -11 -12 -2 -21 -3 -15 2 -19 5 57 11 -15 16 -4 -3 -22 -9 -12 -13 15 -11 -15 3 -11 -10 -2 13 23 -5 9 -1 -9 21 6 -16 9 16 10 24 4 14 13 21 27 18 0 32]
[13 -22 16 14 -13 -13 -8 15 -19 -8 -18 -12 -25 45 -21 -23 -15 -3 3 -26 -9 -10 -6 -16 14 -3 -6 4 16 14 0 -29 17 32 2 3 0 -21 -22 3 16 8 -24 1 22 -6 -4 -9 17 -12 35 10 0 11 -21 39 -27 21 -24 30 4 20 -6 18 16 -11 -19 52 -13 -6 2 -25 14 0 10 -5 8 12 -7 -5 -20 6 -7 8 -4 1 33 -7 13 11 13 10 39 42 -1 12 -24 -21 -15 0 -20 11 10 -32 -2 -50 -40 54 3 1 -34 -2 8 -31 -52 -24 -29 -10 6 -13]
[10 -11 -6 3 -14 26 -3 3 -23 -4 5 17 25 -13 25 -30 -8 -1 -27 13 -34 9 -9 25 -14 37 29 -36 12 0 -25 2 -5 -29 24 -19 -27 20 3 -4 36 -6 6 -9 -4 -3 -5 -17 -9 11 -25 1 -7 2 24 15 9 -40 -10 -6 -20 9 -2 -13 -19 -15 10 4 7 -16 9 13 -13 -29 14 -15 -16 8 4 2 -4 -2 -19 -5 -16 6 8 -7 -5 -8 -14 -1 13 -56 -21 -26 -14 -14 -1 -1 -14 15 -29 -13 12 16 -9 -18 -6 4 20 -12 -21 4 5 3 2 -20 -11 14]
]
