[[1453 832 3725 3679 3434 2095 443 3068 2975 1834 3057 3716 1185 2349 3849 3677 4091 2500 2121 3479 2168 2297 431 2848 1361 9 173 997 3832 350 3634 739 3705 3919 3016 3568 2300 1781 1869 2083 1396 528 2956 655 3977 3938 813 531 3404 1323 1918 1137 1431 3336 2290 2 2315 2083 1000 3992 730 2585 371 3064 737 323 2928 1781 30 1546 2774 1153 1998 3617 1020 2417 3875 2199 2552 1945 518 3352 2470 1347 1740 1779 2327 3164 2220 600 448 257 2471 3747 480 2763 2976 3945 1776 105 74 750 1843 785 29 3910 1816 2352 2374 2606 1728 2382 3883 142 2441 2868 317 2368 500 3306]
[3705 548 2910 4012 3401 3850 1975 1003 1345 2345 3232 3857 1864 791 922 850 2440 3871 205 2440 279 593 2041 1630 2702 818 3843 3386 2681 635 1976 4017 3423 2404 3876 3325 3626 2386 3317 139 236 1721 1989 438 3972 1666 338 1058 3532 663 3287 3237 71 3588 576 261 2947 3258 1768 871 409 912 1299 2584 862 3691 105 3581 242 1734 3296 2554 1777 1668 2099 101 1543 169 2836 1135 2543 1451 2924 936 2089 2978 1928 2506 546 1033 440 3587 3252 2088 1484 3677 1688 1905 1106 3743 3867 170 3753 2470 687 1671 2999 3610 1379 3617 2036 3926 1843 2263 3998 3034 349 2023 1083 1863]
[2038 3083 2968 889 2807 1949 1937 626 2431 1895 3145 782 1100 3154 2208 68 2375 1192 2502 23 456 2395 698 2617 1392 545 1154 2765 3241 1108 1084 1281 1339 2048 3426 117 2231 3657 1173 2723 3653 2810 533 1464 2083 350 1775 4009 551 2533 700 1655 389 2074 1988 2385 344 2683 3056 1415 574 256 2321 3870 1630 2168 1846 2417 1353 3219 1109 1484 205 2154 698 2440 172 3217 1555 616 1173 2967 2813 1428 2434 1891 3562 3480 3334 2657 2986 2537 1645 2396 863 2279 1906 1763 3036 2746 396 804 3467 4042 2194 1061 2839 3423 3325 2014 1226 3023 2627 2475 273 2921 347 3036 4039 2663]
[707 2071 1379 735 591 3707 3202 567 2481 1467 3764 1938 2436 888 3217 963 2395 3740 1161 2407 2927 2966 1587 1522 2366 3417 4020 1114 239 177 190 337 1645 3464 2071 4003 2023 33 418 2798 2424 3311 385 2438 3006 275 3935 2393 3991 704 3507 2352 3460 2799 2343 2592 2966 3876 821 1790 1513 2895 1327 1257 3662 1201 3357 712 1412 1890 650 862 3334 1346 3784 3461 3840 948 538 679 2138 879 3509 3030 280 2148 2864 2823 343 283 1857 1069 3289 2543 197 991 1302 2718 1819 3614 3583 687 3439 2887 3551 4045 1661 2451 747 455 3724 280 720 3584 948 2368 3062 2709 1727 1889]
[145 846 3176 1181 3757 1457 2051 3896 2344 1873 2052 2896 1310 1759 537 1227 1603 187 1547 2463 486 3222 3386 527 586 2528 4090 990 1045 152 1876 2035 1561 1135 2131 3768 4033 555 1335 3044 1606 1248 635 3399 1350 3321 2295 3261 3680 1240 2304 806 383 2191 2232 2366 2821 331 832 1675 2069 1122 1366 1862 1196 3845 2973 1356 1735 2375 1953 2037 1694 53 513 85 3549 169 471 889 3715 1244 2247 3853 2939 707 878 1316 200 125 1068 498 412 1393 2700 2760 2246 2520 3642 3218 1185 2977 827 444 660 2836 1601 3886 440 162 3604 1496 340 547 3370 703 3218 1551 448 1925]
[2088 3336 2496 453 1 1933 801 2356 2299 1388 4003 2859 1078 1822 1101 3143 552 3679 4070 304 2209 3081 3375 2743 3244 1707 3951 4002 924 2002 509 1270 1971 3485 2166 3404 1208 343 1527 2779 279 2888 1284 3358 3471 2077 4040 3769 664 3847 602 2363 487 263 2881 3872 2484 888 2178 3340 1707 871 764 945 1885 1550 3343 3764 533 1210 694 4082 96 767 2216 3609 1265 3716 1306 1230 332 2508 3487 246 1413 2214 2552 353 3055 3824 826 3032 3832 3906 3509 3341 3064 2660 3151 1010 293 1547 864 4058 770 3814 1024 4032 993 3454 1663 3404 526 845 3875 1452 1044 2084 2731 231]
[2578 2635 3185 1716 3288 1020 925 3859 3367 3510 877 3580 3523 3881 1804 3238 752 604 314 1503 1463 1213 3214 2127 967 1355 3203 3440 1369 2229 2283 1776 2416 1704 415 3458 2088 313 2134 2779 2504 1245 1672 2369 2070 2309 820 3691 50 675 3736 836 2244 3843 1867 1005 2144 3692 2597 184 2574 460 3182 2386 3410 205 3926 1952 1031 2822 2317 2831 3663 131 4038 128 2063 1989 2109 3644 50 3431 3937 2305 2638 3783 2868 1448 924 2190 2762 2963 3623 4082 1296 3924 3188 1479 148 3191 3782 3999 2285 524 2916 73 3460 3368 247 2169 3073 845 3644 3944 2780 2412 108 742 4032 863]
[3031 2184 1717 2852 1457 1813 2043 3603 3122 3757 1747 3246 1014 1340 2977 2493 956 962 2908 373 426 2200 2327 1492 3163 394 1604 517 691 45 3127 2897 3152 3798 2336 1251 174 2660 297 2310 747 1499 2577 2894 2157 3494 1009 897 779 2836 3688 3781 3227 3254 1888 1163 3250 4091 1189 1188 828 3768 835 1773 1359 1010 1946 2151 1765 908 3303 3057 1651 3823 685 2739 2323 3977 2500 63 3214 729 378 2265 64 3330 1573 963 2521 2735 3993 271 461 3439 2467 2779 3866 332 1174 2164 3376 2635 3061 909 1734 3588 542 1303 2245 236 3009 904 1824 2791 2260 568 535 274 477 1404]
[3464 2063 2591 2930 914 3689 821 319 441 522 168 1240 1458 53 2867 3748 435 1373 3209 3494 2222 3051 3014 702 756 2877 1802 2353 1470 2868 1783 2142 3537 266 3682 3147 56 1384 3384 2533 3408 3089 225 1101 3251 44 125 1191 3133 4015 2680 3695 1680 3537 79 2431 1443 1081 1638 2743 2260 2383 485 641 2824 3274 3593 3143 3389 1132 1476 3455 2462 818 1461 592 2927 1739 3907 4063 3313 3159 2025 3101 2495 2668 2111 3860 2270 1898 1143 2001 3447 3401 1388 3373 2592 1236 3149 4034 1810 3095 1987 2463 2191 272 1469 1115 1910 960 2540 1737 246 24 1555 1868 2515 281 1507 943]
[3292 8 2187 910 251 694 932 3480 1708 2620 1581 3782 1445 1735 269 483 1976 2584 3423 2510 3589 2078 1722 2239 2239 1895 1910 3992 1350 2016 1172 3490 3405 3336 2492 2945 2912 1812 766 3973 2311 279 152 108 3523 2707 171 3222 3394 3031 1369 3090 2563 3570 1481 2982 3646 609 974 1491 366 1276 71 1772 3253 2524 212 361 3163 107 3936 2693 935 3766 3320 378 3225 1918 3362 1049 2426 2809 1657 1459 95 441 319 705 2149 2291 854 1967 855 212 3822 1683 908 4015 2515 985 538 2226 602 2783 2650 3713 2667 2972 3131 573 3298 1537 845 3011 1172 2021 13 1988 2237 3820]
[152 2587 561 3128 2871 1429 3304 1903 2830 4020 1468 3156 3152 617 2430 1056 597 1526 1683 1976 3297 911 2075 3965 2902 1388 507 1240 1142 996 3092 2380 3111 146 2403 289 960 1372 1041 2626 1809 622 916 1397 2186 2984 1786 3786 692 3077 3094 3351 1489 2153 3924 1391 1256 1645 2834 1360 1248 1234 278 3413 2495 2025 2009 2323 3134 733 3030 511 1879 1839 3226 3371 178 560 2764 184 1118 925 3342 447 2432 1367 618 3065 1394 3391 483 186 3066 3312 2475 3378 322 1569 130 3541 4062 4017 1980 2729 4056 2086 626 3468 3581 1 619 1087 1520 1843 754 436 2309 1802 3094 1593]
[3966 3815 3901 2418 2484 2863 1275 3065 3931 3341 3728 3318 2745 3054 1846 2427 1929 541 2885 3727 2631 970 1592 2196 3707 344 1138 2093 3899 828 3902 1353 2878 139 1325 3867 3518 3931 2804 3198 1869 1203 663 2420 1084 3705 492 1911 4 305 3293 52 180 2476 698 1982 1136 2108 2001 165 77 585 2040 3062 3693 2364 1604 3446 2644 349 3065 2358 3845 231 2245 253 3778 3273 2949 1018 1050 2499 974 3605 1530 365 718 273 3183 2944 1275 3423 3924 2048 2496 3944 1366 3577 2362 1850 2951 3753 2007 3772 1085 1375 2305 3019 1563 89 3446 3079 1345 279 3513 782 2961 40 1282 3567]
[305 1253 1662 265 983 925 819 2665 450 2676 122 1509 3583 2443 2609 1073 3537 2576 2493 4028 300 3244 798 3325 2922 3838 2582 3524 319 286 3133 3486 3585 846 1803 2029 1181 3080 759 1137 1151 3762 3334 2455 2830 2195 3592 2297 2188 1855 1978 331 74 1166 621 536 2454 2215 1027 2663 424 4012 277 3965 1052 2923 3575 1975 3390 236 3149 2307 1752 2241 3145 390 3254 1364 2104 4051 1783 3068 696 1515 1266 1580 3585 3672 2821 120 1255 3516 3060 853 3486 2428 3032 2123 997 3386 1873 3566 3659 968 3461 2002 2839 3097 473 2827 2061 1947 2662 4091 1662 630 2204 3420 922 2763]
[1300 2179 3717 884 1369 349 3201 836 3657 1818 2107 2565 2178 732 3790 1399 246 456 1874 3561 167 1368 2182 1933 3029 3109 2335 3475 3361 1755 887 2442 2378 3671 250 295 2751 3089 1386 1145 1929 1081 1248 1630 3569 3462 105 3122 3868 631 3208 945 3846 1764 1708 2683 106 2473 633 99 164 1380 1069 1456 443 2979 2549 3415 1228 597 1834 3604 960 689 2104 845 3044 2056 2678 1771 351 233 320 780 2108 2867 3123 2963 862 2268 2957 1312 988 3771 980 2129 3143 600 3083 2891 1341 3507 2236 1549 2507 2386 3295 1806 1859 2327 3648 1268 754 1062 1915 2289 3516 2128 1388 556]
[3395 697 605 558 608 3350 430 592 1878 2627 786 2529 3720 264 2340 2867 2990 1353 3965 2051 1253 2261 2515 3788 603 2876 1876 1348 3694 2368 2914 3631 634 694 507 126 3228 882 1494 4066 233 601 1177 3981 189 1499 909 3589 1060 454 3507 637 2659 2693 764 2304 3049 2333 132 1358 3636 1958 2266 2313 3369 656 748 403 3631 1170 2569 3991 510 4044 423 940 2786 1190 3048 3543 533 65 2036 1483 1205 2645 2876 899 3244 2649 3102 2614 1529 110 3577 1994 3553 2291 3572 3501 1347 2936 2978 1300 2627 1719 715 3376 1619 1774 2199 676 2424 773 1600 4046 77 2558 479 2007]
[3126 3742 832 2707 2301 3173 1363 1515 1461 2635 322 2409 1443 3001 1361 821 2593 3967 225 1172 188 1987 0 3621 4042 1905 300 990 3210 3768 393 3929 3291 929 3951 2571 645 2738 1622 790 3362 2837 880 859 1843 3019 663 3406 2003 1997 1557 369 3252 3698 2448 2005 1042 3194 3342 303 1563 3870 3339 3840 1987 1273 30 669 3258 4077 2055 2099 2900 1052 2904 2784 1480 3210 45 3926 1000 2724 1453 888 1649 2200 1266 3112 3240 1736 898 84 179 518 860 3732 3334 1435 26 527 3931 2947 1535 2114 1550 888 1507 3864 3892 2993 3122 2704 2949 298 497 3235 817 3582 442 2095]
[498 3180 3186 153 2285 4025 737 1659 3861 2826 3454 1418 1625 429 1663 1036 1083 940 4032 2693 1535 734 2614 3704 1034 2189 990 2965 4055 968 2155 3178 1044 1322 2770 2669 1935 1680 1307 3785 2485 648 1701 2129 2712 1882 3896 692 3960 3413 3954 2475 2831 2587 1332 3679 1842 2354 797 1828 913 2420 2068 3451 3321 3216 1777 798 374 2474 2199 1832 360 557 2515 521 2464 2340 887 3746 2750 1357 1653 1454 1769 1142 101 311 2078 771 2265 2380 922 4057 2606 2091 563 2088 586 3044 3534 14 2055 598 678 242 577 2246 1573 780 3195 1322 911 1936 4013 221 1214 2500 1712 1687]
[2644 3838 4009 821 2306 1738 3324 723 3317 3548 3829 3691 1784 319 3334 784 2168 202 2984 1197 1850 924 3320 2329 1921 1279 3600 479 3141 1592 3432 890 3090 2017 2618 2154 3669 920 2897 1517 1619 1211 501 3334 2020 747 3264 1497 519 2426 1675 615 4054 2209 941 4086 174 2459 1005 3002 526 163 1991 2261 2919 3478 2720 743 3257 980 3609 2713 2496 4050 123 963 3283 1232 58 2740 1383 224 3776 2936 3015 2116 2673 1282 447 2973 1629 1219 3878 757 3300 2474 228 908 2946 1471 1773 1060 852 3296 3452 334 260 3133 4061 2685 257 1482 3972 387 2743 3685 2516 3892 3628 105]
[12 123 1639 143 1188 3747 3185 1665 3978 1318 2575 1176 3107 196 2820 411 866 3868 1686 2720 1225 2795 1938 1303 2624 3961 2732 1001 1907 2868 4 1835 2938 192 3223 1893 2619 3243 3992 2189 3688 2831 912 1353 1849 645 545 934 3727 3864 395 84 1466 2320 1244 1894 28 1354 1507 1227 3913 975 3891 2065 280 236 281 3449 1964 3006 3600 306 3171 2546 615 2129 3505 1362 1164 4081 3722 1234 2104 3505 880 1701 143 3523 3959 290 2658 1814 1775 2198 924 2482 1763 898 3313 2101 1458 653 4050 1522 1745 1575 4043 2721 3176 3455 2293 2132 148 1958 4013 2695 678 2618 1759 563]
[319 179 515 3047 261 3264 3421 2937 3764 768 858 983 2091 2525 252 3957 4011 2264 2924 1939 2160 1809 1355 3388 1816 2959 1761 1481 2992 548 4045 658 183 1499 864 3185 2166 694 1319 2245 3231 4045 373 4086 2782 694 2156 514 3770 4082 2722 1636 3965 3667 1575 3640 3216 2347 3065 2276 1011 1966 2416 1341 66 3910 418 698 2086 3036 3851 3206 3497 2376 2023 3761 2153 1839 2967 2311 2827 1130 2426 3320 905 3010 2388 1232 1396 2026 3246 1490 2016 3239 1236 2408 1106 1170 2933 2578 2865 432 3267 493 2406 3050 2614 833 1712 1326 898 2037 1880 3193 4061 2880 1751 2210 208 427]
[1283 2516 2454 2182 786 554 1633 2387 2817 1318 3596 1034 967 1006 497 185 3333 299 253 1126 3318 631 886 908 790 2867 94 356 3332 2764 3003 221 117 1614 4023 1996 130 2317 545 2741 846 3926 1102 3563 1739 1709 1210 490 3658 787 570 2192 2517 2283 3210 195 1211 1204 134 4044 208 2168 248 958 2413 1107 826 926 579 3900 318 3355 3273 1043 1492 2249 3948 857 828 3720 3119 2877 2596 2671 2308 849 694 721 1320 872 144 2919 1587 2684 2405 2362 1263 529 544 1873 2434 1826 3044 1316 3401 641 2037 2911 58 1963 1048 1686 2502 330 662 1630 3689 3556 47 3484]
[286 3034 1331 44 2158 1587 2910 760 1881 3560 470 10 1494 55 3282 1542 1455 2976 2778 251 3821 894 3201 1800 1427 443 3659 2456 1150 2766 2640 1530 2897 1509 2645 1880 1309 1735 3070 1064 3955 3467 1781 5 596 963 2236 3532 58 3619 225 1837 324 4071 2103 3910 3891 3872 1618 2001 3387 1721 1607 1712 1836 2722 1140 2137 420 2826 2303 2170 257 1378 3176 3680 1784 2761 4000 3341 4088 2632 1861 51 2044 784 3421 3256 1766 559 2417 1319 2420 1143 2697 351 1432 906 1013 237 2606 1101 519 341 2306 2489 3826 2913 1408 1240 805 2409 3891 3964 1979 2200 3669 296 1892 508]
[127 2239 3648 3731 54 1860 133 2093 1866 2814 1870 1073 3080 1429 3919 1267 2180 2995 2260 2421 3708 1148 367 1223 2881 3082 607 3155 2092 1180 3922 3942 2097 671 500 1876 1499 2166 1739 3880 280 3940 2297 217 3308 189 2364 1940 3283 291 3331 1085 976 602 703 3023 303 711 2829 3631 3442 3842 2854 774 948 3217 1756 2487 1285 383 1900 130 4068 674 3671 907 2037 3586 1759 1766 2324 3259 2427 647 1798 2399 148 1754 1261 1797 2445 2989 3171 1390 875 463 558 3163 1220 1844 1394 253 982 4017 724 137 249 1282 1355 2057 3123 2069 3014 2275 3966 3870 2618 3555 2620 3202]
[3694 1781 3273 4044 3656 4030 2844 337 566 4020 3776 751 21 1820 1146 403 2481 2120 1541 2819 2491 970 2505 2834 1047 3364 1175 2541 1513 2626 4040 2872 2645 1441 173 4084 2277 1593 1530 108 3503 1176 3407 873 3107 2411 169 392 843 2044 3619 2760 4036 613 3579 2605 2423 397 2151 2591 951 427 1609 3858 3151 588 1729 2561 3654 2061 2497 2044 697 2105 4030 493 3366 2866 710 2145 3878 18 3395 666 1073 2727 1171 3125 264 3085 2248 3949 2924 1757 3085 121 211 3667 2407 3674 1446 324 3607 658 3620 3535 1947 798 1660 2080 274 7 3921 983 1457 513 1484 1453 3447 2411]
[2578 3658 980 1009 478 3633 3276 2269 3464 521 2717 94 3809 855 1885 118 1075 3252 665 1123 1537 486 2160 1406 1062 1115 3868 1134 1380 864 4062 76 2254 456 2425 3328 904 2546 2318 1605 1217 1328 3472 1938 3201 2055 2181 2421 2348 390 1822 261 2171 1127 976 2062 3150 2685 1804 3371 3077 2050 2076 1245 2665 3374 3328 1146 1286 3600 2476 632 1120 1865 2455 283 4009 2004 164 4013 2775 1502 348 3380 2318 821 647 551 149 3534 850 85 3067 2414 294 1761 3617 918 2783 1477 1565 3355 2779 365 508 3378 1668 3411 89 3025 3226 2005 2952 616 800 10 3380 1559 2473 3913]
[18 4085 1958 606 1457 2864 1274 3288 2612 42 1421 1386 1621 19 1407 3559 1171 2074 353 2137 1528 1848 896 615 3428 966 3753 167 890 2260 2544 1939 3954 3873 13 3049 1617 1443 4052 2040 2269 3572 472 392 2753 4023 618 4071 3536 71 50 2018 1210 2154 3294 2510 603 1911 1066 1897 3123 2461 1007 1982 3890 3111 4004 1905 2835 345 950 2552 353 3356 2300 484 1296 2718 3395 200 1700 2570 1499 406 2411 1654 1066 4 222 2922 2441 2793 3960 531 3570 1504 2467 872 614 3258 671 2405 3435 1404 3139 2896 132 248 1876 746 2731 941 1584 800 290 3620 3945 1951 1914 1758]
[35 1498 1788 3092 2629 1364 3951 846 1973 2110 1537 86 683 3376 2024 1884 1328 190 2556 2674 2697 2024 800 1943 511 2644 2341 851 1751 4008 613 2393 3246 983 1661 1692 3804 566 3303 3128 2850 531 2222 1871 3819 2867 743 136 1751 4041 3388 61 934 1470 3309 686 1758 3926 2090 2635 1053 115 2422 468 468 1839 3196 3890 386 1790 790 862 483 1783 2652 1909 1440 1432 188 3908 3404 4056 389 1798 1428 365 3437 996 3901 916 3130 3834 3467 613 1021 3615 833 2735 3954 40 2045 1427 1680 380 1662 1020 2323 2151 2481 2452 3221 2000 199 3570 3716 3237 2409 3210 2221 3975]
[1196 1984 1449 3211 4078 2034 1838 2023 3327 2173 324 3073 3735 736 2278 2491 2136 1294 3037 386 27 1157 2994 244 3169 3973 2456 918 1932 3812 1653 1976 805 3982 3385 3547 2870 313 2701 2644 2324 2160 2441 1189 760 191 2588 1345 2750 1454 1468 192 856 2894 3010 125 2031 3368 2487 3196 4047 677 656 1790 3730 1165 1251 1537 2967 1377 2317 942 1593 214 1368 855 2289 2263 4073 1078 3581 2300 1124 709 2669 73 3642 973 216 3190 1353 3743 2843 3115 3705 2798 3682 622 3672 578 1419 1998 3660 3254 2417 2705 457 3695 1600 3384 206 2800 2507 1258 2230 1442 1831 1734 600 983]
[3181 357 3751 3303 3853 1507 3631 2497 934 2650 1640 1644 3944 3834 1748 3361 3317 3108 2569 606 3469 3357 2287 2610 1096 2755 2940 1728 3388 788 1256 2990 3983 2590 1262 2774 1429 2671 3771 1345 3621 1701 2162 1952 2035 2630 1694 1638 3031 1137 169 2592 1497 3867 1184 1161 3683 498 3781 3381 111 1787 2213 1027 377 3990 98 3033 1890 3798 2388 1638 3035 2354 2347 2347 2615 42 1452 1658 2054 2522 2273 3685 2108 72 1145 199 3287 1920 2381 1309 1670 3557 3590 3738 3261 3818 1899 542 3321 3636 142 2115 3507 1922 2926 1785 3667 999 2829 3916 3723 3232 1436 3991 3341 2140 3696 674]
[2919 543 1097 336 2355 1739 533 99 1544 2884 2530 3337 685 2580 671 2012 1439 1951 1427 3635 3220 917 1111 3333 1862 1966 4078 3373 2909 3816 3460 2839 2740 3747 2972 1761 727 1872 2843 196 1556 986 1994 1052 4076 54 1738 3840 1899 1905 2027 2272 2500 646 64 69 2176 2434 3133 2860 158 833 4050 3698 4086 1957 2093 1735 1709 3777 690 3198 1272 3932 1160 3492 781 2165 3134 3142 2352 1662 1680 102 204 4037 1618 435 570 121 2480 3540 4091 603 2565 2488 2339 2722 2654 709 3335 1062 3769 1329 3840 3754 1977 3675 762 1757 3397 1552 1269 1410 3786 3762 628 2994 196 4058]
[2533 891 4056 1994 2815 3095 2397 234 3603 1327 3444 800 468 1493 2562 3941 3384 2320 553 1849 973 1085 512 3666 1893 2875 3584 2206 2090 2696 938 764 1474 1469 3874 3974 1875 1944 3892 3325 3036 1425 2340 1207 964 1474 1143 2251 753 1687 3317 1183 3356 287 2045 112 150 868 1628 8 790 205 138 706 1572 2516 3014 115 1718 697 3458 63 2714 1638 928 2048 3836 3384 1701 3397 1832 3321 3547 2281 593 3286 102 1 206 3457 2435 3633 1723 3396 856 1591 3022 1820 3046 3623 2358 812 1735 306 2873 4074 3544 1465 2650 2923 589 2839 2582 3502 557 2842 1720 3923 26 3959]
[2075 3620 797 3095 2667 4066 3789 1257 3649 2643 3211 3714 3125 3523 488 3345 3778 1338 2607 3535 949 2633 1588 410 2890 3850 514 3241 517 3808 15 3944 2026 2461 3845 1621 3846 2650 1302 1022 1979 66 2501 3133 1305 1213 172 1153 279 3931 529 415 1651 3087 3525 2227 2192 3077 2732 1943 3015 2925 1886 144 502 2119 3456 3003 3433 786 31 1463 3237 1536 3307 2449 1137 2631 1919 301 3261 1229 1389 3952 893 3356 4061 715 2309 1766 1361 2603 1977 563 621 686 3171 301 2327 3415 2282 3499 3869 1471 1874 2011 2085 2096 1169 1042 1887 1382 3343 2471 340 2330 1866 3775 2382 584]
[2619 1357 896 2257 2134 481 1843 2433 1898 736 2255 3868 453 2158 983 3880 1593 2142 2082 3457 3713 2220 2947 3886 171 3731 211 2985 1189 3036 3719 2 1984 3218 2727 3140 2491 974 3232 3569 1918 2739 971 1651 3047 1020 3520 1359 2275 1045 3552 143 295 1700 1870 198 2329 3007 85 3278 2416 1000 2599 3921 262 3759 1541 405 1890 3025 2227 1358 498 2664 707 2500 4069 2001 1830 1091 2276 1542 2306 113 536 609 3808 3230 3408 3469 2510 3195 3885 2529 1095 3854 1064 560 3189 3111 1112 2969 187 183 2167 4023 759 1828 1209 3263 2934 1688 1145 2257 864 3894 3994 4082 3323 3856]
[3185 2761 3568 2424 2398 600 2590 1118 1743 645 354 2919 3678 1046 1827 1697 3919 3763 985 1146 3306 500 25 2588 3331 971 2711 4070 830 3635 1054 574 2758 3736 1474 1809 476 2721 524 114 1824 2837 1221 3348 1869 202 1442 1319 2097 686 1338 3660 3632 1721 2426 3692 3821 2506 1575 3931 2718 2043 3866 2862 1355 2527 2430 611 3508 756 1496 1379 10 3055 3969 2768 2999 746 1498 2456 4087 3798 274 1296 3766 1791 3816 1257 1217 3247 860 1409 2125 2394 2733 2917 2118 670 2838 3755 2137 3872 2153 2152 1278 9 3137 799 538 4009 3477 4009 173 1364 2348 3104 1869 4059 2559 3607]
[1506 992 458 3311 3372 15 754 1437 342 125 3139 3583 1094 4021 1270 3915 1378 1372 3759 2573 2698 373 2233 2920 3857 1565 1349 1554 2592 2714 355 3895 3912 1553 952 2460 1545 2784 2527 1914 2751 1808 2655 2657 1877 872 1263 3100 2703 2708 1948 3811 529 574 3361 302 1110 1609 224 1601 3360 826 460 4000 3495 205 3251 3443 928 11 3378 2321 3917 780 2986 1614 824 839 1974 333 3916 1449 3803 1782 1797 3142 2314 3200 974 3840 854 2786 943 894 1453 2842 3656 3004 29 2608 3292 3628 272 402 2362 2499 2562 2438 3434 2991 3847 2493 3738 2825 3051 294 2662 835 249 670]
[1458 3550 24 4062 1742 1187 3240 1156 1717 1249 3906 1635 167 3730 559 951 1956 2115 3675 803 1582 3625 591 1678 541 2059 3209 187 124 3557 1174 1979 713 2725 3673 3117 1374 3006 1228 357 3971 756 3849 3645 3349 2295 2391 2443 3007 1035 2399 563 1756 3130 2147 1227 2872 3713 1762 32 4062 3951 3994 207 2883 3462 2861 3060 2825 3927 2043 1372 2753 1964 829 1770 2342 2502 2467 2341 4043 3994 2567 760 719 416 1495 3586 3630 637 181 3422 1812 17 2111 1876 3211 1477 3045 3568 325 845 3315 2537 1924 1752 2824 1856 1307 3398 3537 2020 626 709 2732 45 1846 3641 92 224]
[3234 2987 1958 3828 287 111 1859 4084 3038 296 3866 2334 2634 2682 3888 3747 1086 2438 644 1690 694 2622 2643 2989 3102 2245 284 3724 1735 2778 1891 1348 2607 509 2505 1182 2311 2412 3005 3783 3262 45 1155 3415 806 1596 1907 693 2493 701 602 322 66 3996 2997 2233 2369 2173 57 343 3485 2055 2482 3203 3034 2834 1674 445 1645 2848 14 44 1294 651 100 2956 1759 3028 3369 2055 3927 1587 3978 3020 2734 2547 2860 2168 2149 4017 1546 3358 2149 638 3699 697 4061 2176 2674 2983 15 4082 1731 3619 3448 1048 3946 1804 3520 3387 244 1229 3069 2138 3579 1586 1987 3562 1438 1615]
[3379 93 1171 234 331 2516 3273 939 1918 633 2030 179 834 495 2730 3281 487 2200 972 2145 704 2936 1680 3092 2806 1263 2662 958 784 1837 1528 1924 3304 496 3173 3752 601 1589 2698 3701 1699 595 3556 2108 1195 2892 2942 2211 1681 575 2960 2476 2733 1442 3248 3812 2048 2492 4066 1989 3589 530 2786 1577 3748 3483 533 171 1587 1841 2277 2906 4016 322 3664 969 262 485 2087 2199 519 2516 3547 214 1908 3857 2039 2825 1494 1375 350 4056 2448 2701 3769 3458 790 1099 1804 2431 1562 2820 2198 3997 1344 264 257 1298 1026 3558 3171 1228 2811 1819 2928 48 685 2939 312 1179]
[2596 2141 1947 1581 636 1762 2602 2686 2866 1466 1883 1776 3431 1539 344 3030 2993 2291 2807 1260 1081 3699 2339 1468 605 694 2234 3534 901 1146 3984 732 1696 3950 3686 1882 3140 1805 1507 632 2118 2162 3393 3608 3208 3869 1070 1785 1373 2918 2574 3361 3230 270 3789 386 3681 625 3826 2537 3750 3505 3473 3118 778 797 601 3039 3145 3405 1196 540 2350 3523 2000 1970 3575 2236 1159 1641 2582 2354 2384 2663 1475 3236 735 3081 3540 1363 4025 4056 1259 590 3278 1370 2084 2808 1092 3655 1647 2172 1644 1842 2605 2498 2130 945 2768 2704 764 1242 2762 3018 3806 2499 3088 1200 2173 1709]
[2109 631 1749 156 8 2660 3287 898 2163 1400 3609 698 3683 2541 1821 2037 3153 692 38 1139 85 1398 446 427 194 4079 2007 4053 3720 2012 1553 2812 17 363 72 569 313 507 295 3250 3774 1827 3597 3050 292 3629 675 1982 3643 760 2223 3956 715 2970 1288 2342 102 1433 974 111 2953 972 2978 2189 2115 439 1628 795 3351 3270 1467 1562 281 708 1396 1656 2218 1796 928 725 715 3990 2638 956 3684 2360 2893 2327 1704 2612 3674 3655 999 729 1984 1596 976 2791 2089 317 944 1722 647 2079 2728 2143 829 3888 1690 3398 3241 3550 1690 3859 3062 751 2193 1147 2139 466]
[2489 3173 3575 1190 219 3763 3070 3103 3773 1015 3442 2626 859 3894 2434 3193 2022 1970 3954 2181 3666 2811 609 3245 14 2625 3929 3334 59 3629 3026 1856 2542 3489 1751 343 3117 237 3037 1627 664 356 3482 321 81 1157 2617 432 3796 2499 1529 3638 414 3170 1053 2533 3670 3212 2364 1279 2708 1354 1246 1506 2558 1474 1479 2323 1859 3280 1109 3861 1128 1458 1642 2 2815 3428 3735 593 706 2258 1561 1811 9 361 3316 2518 500 4021 2903 957 3696 2140 22 2902 3962 665 480 156 758 2360 2079 470 1103 3263 2051 2187 159 1911 1948 2628 2850 682 1714 835 2227 1326 936 3334]
[3508 3199 3449 2820 3985 604 821 2887 3867 3994 1729 2094 1251 2248 3776 1735 3765 3004 3605 3723 2909 3718 3603 1186 3234 2145 936 1235 763 1233 2071 1428 1826 1798 4061 2432 1178 1702 720 2656 2814 3109 3792 800 3974 3238 1304 2222 1666 3501 2005 812 980 903 2976 3130 2853 243 2229 1983 1400 964 1097 3367 2966 4075 3066 2172 2041 3104 471 1096 3770 2214 628 3091 1483 243 159 1913 1157 2533 447 1713 1578 4059 112 917 3882 3321 740 2917 3000 847 1669 3562 2646 1955 598 3677 2168 3029 3654 3264 1885 2929 3476 1393 1074 1418 2599 754 3134 3051 1708 1476 2462 2699 3121 320]
[1699 3014 2567 2205 455 2029 1912 2802 3713 1261 1439 2807 3005 2238 436 670 1367 680 2201 3951 3899 3640 3469 1169 569 3761 1974 3892 79 1462 1368 1061 3640 1166 2282 1381 99 1901 2307 380 1853 4014 1021 1363 2038 875 572 2127 2406 1470 2200 1781 1676 534 1125 1959 765 3226 3126 2939 3149 502 2707 934 843 2271 3698 85 1210 55 1227 854 2478 857 2966 1464 2075 190 3259 244 268 756 2248 617 980 1344 3366 2895 2446 1589 1030 3427 3614 3766 19 1682 318 3179 178 3108 3843 326 536 175 2644 3978 1570 1397 3275 3161 3928 220 2647 298 2145 1125 1811 3607 1833 469]
[577 1506 3106 1023 2533 3504 3951 3913 521 1634 3658 744 1528 441 3383 1798 255 2449 1934 716 507 2044 3870 1887 1938 846 3444 1446 2209 3021 2210 2783 3539 491 94 3621 3112 2476 2340 3331 2333 3038 1652 1431 1138 792 816 2129 323 3930 1495 611 1815 3756 1586 273 3826 1312 2643 3643 2209 2166 303 3711 3776 521 440 2427 836 3833 2154 1193 3247 2592 1239 2973 19 1031 2488 129 2690 1254 3240 3610 3412 3786 2211 3727 3221 755 1137 2152 2923 1517 2766 3826 4039 1958 1528 2705 2227 152 1482 21 2122 3197 3671 2884 453 2294 3029 2740 705 3200 1597 2059 4035 104 881 3614]
[237 1564 3426 788 3189 3354 3567 3103 2333 3217 732 1239 2345 280 273 3801 798 8 1597 2780 2672 3318 1989 1966 2104 3791 3056 1139 3361 2716 384 3964 3492 486 2066 2819 1846 2684 3839 781 3764 540 2652 524 1365 3789 1678 3458 294 2628 1049 2234 2879 1471 1793 151 1185 29 893 3330 332 582 1733 97 172 12 523 3777 2321 1429 180 1591 2154 366 1018 2525 1019 2040 1698 2698 3954 1541 3284 254 846 3863 3254 644 2287 2505 3657 2674 1002 626 843 3868 632 2910 3570 2459 590 3323 2962 3886 110 1965 1367 2990 1394 3964 3794 3855 2563 2737 427 1109 3999 1555 3535 3088]
[3613 4077 3246 2114 2317 3764 570 2745 3280 791 1190 651 674 3432 1645 1501 2001 2109 3502 3653 2629 2712 1498 2348 888 3500 2551 2248 2005 317 1012 245 1180 3323 2561 3523 827 2656 2902 832 2828 90 3786 2756 2831 1412 549 897 1895 2435 3355 595 3216 2923 3224 960 3950 1390 3659 1819 3103 1655 2781 1911 1742 1779 3928 2572 1044 405 1030 324 2966 3226 2747 3569 288 994 2214 516 830 1175 1042 3046 23 34 752 3220 2158 801 1206 1025 1740 676 3337 3265 45 2259 2381 3197 3139 510 2246 2158 37 3938 750 974 2577 1012 836 4002 3436 1381 919 3557 1389 971 423 1133]
[1275 2684 1553 412 2661 768 941 2340 461 788 1806 1908 2088 2335 3631 3695 3985 65 2570 2321 1154 2552 418 939 3199 2338 2181 1176 3834 896 183 890 1813 2066 640 3066 1203 3796 2816 3772 2718 1687 376 4040 551 800 2992 2027 1433 2567 1595 1945 2527 1914 3052 1418 1550 3504 3492 3812 2685 773 431 1711 2415 2838 748 1322 2775 101 1879 1168 1532 1214 3867 1981 1266 1084 3386 827 2700 3444 462 713 2122 2105 1777 1800 3771 3414 3143 2019 4031 408 3843 1582 323 1656 2446 1533 3696 2824 2837 3237 4081 680 539 777 2468 3553 2836 2168 2998 2950 515 3995 3537 664 634 3018]
[3452 2947 603 1832 2507 2054 432 974 2192 594 2172 151 2023 923 432 1297 3826 1963 1145 1436 476 462 1855 506 2693 1249 624 336 794 1732 305 3455 2590 2316 535 631 2070 2345 3253 1756 758 936 1823 3502 3693 2054 1025 297 1400 285 4090 1256 2014 281 842 1598 2323 1078 2531 3786 1060 1311 327 1319 2477 1238 651 3896 2775 3871 1190 3462 2432 2720 3999 277 2007 2018 2512 3306 214 499 2779 3274 1733 2430 4034 964 2351 1913 3447 3471 2153 3739 741 1021 206 684 1030 2189 2148 759 3639 1795 4003 3297 2053 2960 2163 4004 3530 1069 736 2371 3051 3520 1003 3833 3735 1005]
[2274 2643 3741 2951 580 3396 1782 1808 2003 1315 109 3758 2697 265 132 823 1393 2155 279 3287 1484 4081 2420 1946 3868 2825 3033 3977 1105 894 1488 2305 1532 452 2942 2037 2105 355 3936 2367 581 1593 1298 1308 212 2689 1036 228 1687 1500 2863 2457 207 2633 3354 2743 4078 38 2844 1432 2803 1219 3530 735 3414 672 3402 3954 2447 1264 1297 1586 1700 81 1424 2707 369 1287 556 899 3741 112 815 864 1121 1277 2184 3861 397 2558 2377 3477 1050 3161 2706 556 3335 2800 1675 1190 3207 2142 1807 1233 2295 534 3936 3302 1744 106 1945 1192 1760 3104 3331 3348 4046 2580 3176 498]
[2769 1627 3164 69 735 3391 3285 3578 1186 664 1050 1860 1839 557 2949 841 3007 3299 2066 1732 524 2999 726 1345 429 2410 2152 3092 3480 2531 3009 615 363 4072 2469 2981 153 2767 3244 3169 1724 219 1208 12 625 1585 168 2095 3495 2885 1944 3670 2656 969 2005 1008 130 142 3399 3289 2899 2051 851 3825 1854 3048 2436 476 2116 1070 1596 579 2660 966 1460 1287 1728 3398 2426 3854 2085 3490 3812 1829 1167 3556 1339 812 3787 2204 613 1993 3294 3701 3559 3542 1006 1595 2053 3442 3389 3455 998 3454 1098 972 2285 916 170 2820 1642 141 2044 2236 996 328 2630 3269 1573 1061]
[2652 3515 1839 3799 2329 2636 4039 1166 3288 1011 2788 3715 689 1221 333 3772 1459 37 341 3834 95 2048 868 3011 2201 2715 3816 921 958 380 3543 1196 1098 3016 1963 3172 138 2342 2227 221 1400 3049 3582 3641 1906 2312 1384 1692 1196 4019 2015 3378 2274 3311 1584 603 991 1555 2213 3930 1231 1365 3180 3910 2554 3224 1650 722 98 744 1942 3509 3395 594 3526 412 431 3323 549 774 3162 355 2757 2704 550 3755 1056 1038 3309 884 3317 1213 1133 3441 715 1714 1406 3010 2911 3287 2587 1974 1123 1875 2308 2719 2 3701 3501 2247 383 3305 757 2588 2707 2376 1182 1184 3696 1559]
[317 1045 3937 806 1686 51 188 1309 2172 2588 3240 3009 1550 369 2530 1633 444 1878 3408 1515 2315 1479 2885 786 575 728 3211 1122 1686 597 2190 2125 399 647 2685 3166 790 846 3222 515 3665 747 884 2422 1314 971 3258 420 1401 1288 3845 637 9 3791 1567 160 1825 1742 3861 1713 3653 1890 227 1349 4072 589 2837 989 2159 2058 3231 1836 370 286 1595 2102 1723 3499 995 2799 166 401 3272 639 128 2657 3811 1570 2001 58 240 3248 2442 2842 190 1469 1328 3223 1370 3413 1192 3791 964 1033 3421 309 1700 1502 3354 1151 3528 1144 230 2870 483 1411 515 705 2172 2559]
[1210 2100 1279 2734 3994 2832 1848 3477 4037 1611 3066 2561 576 414 3898 1697 2319 1549 199 3199 3336 2998 1532 1071 4010 3001 303 3289 2545 1568 41 2221 617 398 3549 3302 1330 334 272 1331 2913 344 3347 3 3167 3482 658 3832 1025 2197 1254 501 3816 181 659 3299 3802 354 287 3321 1778 1142 1688 2189 2172 2172 2986 765 84 1810 1889 2360 2034 398 3301 3630 3424 3416 1453 3063 3132 1293 3856 2112 1662 3661 3093 3079 1386 2509 1678 3584 3221 59 3769 1544 3855 2962 1550 3000 3672 2813 1023 710 1071 1964 3319 3902 1920 2799 2758 4082 1115 4066 1784 3152 86 2146 697 1195]
[2313 1641 1863 2306 1973 3585 2631 3844 3414 2585 3035 3074 1124 2221 3285 3792 2508 992 3752 3560 2770 2168 324 768 232 2761 1989 3474 3337 3270 1066 402 186 2506 801 2086 345 2244 3489 3617 3470 1994 2129 3899 870 2345 2820 1560 2395 189 945 2669 1453 2899 2977 1868 2397 3423 837 2587 2343 1393 191 289 401 3872 2405 3320 2214 879 4026 2743 840 2316 2392 2315 614 1329 785 2827 1633 3831 57 537 3767 2357 844 913 2454 376 2749 1393 4034 718 693 1401 94 2710 713 716 4029 671 3772 1281 50 4078 530 677 58 1208 2789 3155 2380 1123 1890 1209 415 998 1625 2751]
[601 3068 3795 2296 937 1047 1209 3406 1411 2880 3826 2621 324 2223 3849 3071 771 2124 3271 653 3188 1298 3770 2101 2253 2219 3935 2075 1906 3962 848 173 2892 115 1271 259 3580 41 3249 2686 2133 3169 2121 1273 2643 3830 1327 708 2920 2517 1397 2315 298 1713 1854 718 1733 4065 2361 315 2894 3924 2816 2079 80 2225 3633 3726 2697 400 3492 3022 3755 3649 2469 2781 1875 2244 1628 3138 2210 979 3798 1301 2935 1066 3857 893 3611 3725 3410 1121 1132 1370 3827 2373 1399 4032 1435 2304 2338 1966 1768 1785 2991 2508 2660 325 3211 887 2706 4013 1968 2321 509 206 233 947 1539 1568]
[1278 2383 1470 2746 934 3559 4055 3788 2902 1411 1017 2624 1300 1556 2847 2428 2483 2833 1534 2712 3713 2884 3660 3078 877 525 2469 3952 3883 2775 3645 2796 140 211 533 2139 3810 1552 1452 1643 95 80 892 1245 1496 3186 1996 12 2396 1286 2902 2438 3767 207 505 2480 367 465 487 3403 488 1433 2656 1834 182 588 2173 89 3266 2393 2109 1152 2807 897 1874 1606 3334 3116 236 970 1721 3046 2624 532 1641 2688 2714 1067 2507 902 3872 3408 143 2926 776 386 2984 3926 2611 1130 1764 2195 2514 2258 1744 3342 1314 3837 2039 2562 305 713 2177 2393 167 3136 2642 558 710 2555]
[266 36 295 1564 382 3159 1036 2696 848 2407 1573 255 1046 348 2188 1338 2245 2282 1179 3302 777 3980 3017 1887 1825 3090 1085 2555 2965 106 2399 1559 3240 325 2934 2895 74 3629 1407 492 2421 3769 392 3863 167 784 3005 2532 44 3877 1520 2616 1532 2226 1645 2154 1791 3008 3084 1933 752 2693 306 978 412 1764 3866 2859 64 541 3718 3379 576 3422 3888 1400 1055 3218 1492 2300 1076 731 2929 1456 797 881 310 915 2913 2984 96 2263 2413 2931 1387 3578 1358 3712 262 1960 2069 1734 3877 2301 558 2351 2874 1527 644 3902 3678 1626 3080 894 1827 1162 2755 3034 1841 1312]
[2965 2842 1458 3349 3252 2120 1667 548 1717 2041 706 118 3825 2488 304 1451 3071 959 1535 2090 823 1731 4021 2959 1485 1907 2111 205 3829 842 1627 105 1756 1836 2268 2484 146 204 2872 1219 352 1417 3619 1603 2000 4089 1876 1625 3068 3620 1085 1869 981 3539 1323 2086 1742 4018 1988 916 938 1383 666 2612 897 3156 774 20 2258 3023 46 3221 3342 680 2406 2558 3554 1007 1233 2368 2017 3924 426 702 2828 2852 3287 1589 34 201 2960 2720 2470 934 3113 383 2438 1005 1970 2801 3732 3988 2742 1209 3720 2627 1300 1810 3891 3020 1042 1661 175 794 3586 3072 1570 476 1223 3427]
[3237 741 987 731 2168 249 2832 3850 895 1333 2820 1726 2089 1227 759 3623 2788 3475 3036 1705 3863 3269 2785 3622 2592 2843 2311 3346 2728 1981 1119 1048 3954 1334 87 2973 590 1697 2088 933 2154 608 1203 1155 3687 1766 1983 3430 3685 3928 136 3695 2702 391 3763 4080 2953 3713 1962 3669 2855 2537 2273 2174 495 2063 1296 1042 2007 3375 2499 2057 3173 1046 1231 1891 1125 117 3119 1360 490 1197 2708 3686 1716 502 2856 2275 1060 2866 1172 679 3540 16 1354 3182 1616 1974 2816 3819 2219 3377 2053 1552 4005 3727 19 2467 3819 1284 39 2112 383 2855 2172 2010 2537 41 365 3446]
[1324 1582 1211 1587 2132 2633 1683 2613 3557 2611 1547 1294 2668 1298 4054 2722 4012 2954 2856 1305 3593 66 3709 2035 3634 1890 1718 1641 3115 1504 2602 3002 1481 1213 3015 1389 3497 1955 3206 34 1908 1899 3604 681 480 3455 129 1757 3349 792 1517 832 1658 2775 3791 682 2362 3628 1844 2426 2368 1980 664 2170 3169 1505 3294 282 2870 1354 3712 2876 3873 1104 1663 3145 536 410 967 64 1033 3340 3501 4002 3456 2198 1338 1505 3748 2886 646 3363 2951 2368 3538 1214 2493 813 3718 2611 2874 2921 2059 3804 2588 1290 3384 800 4059 506 1393 2683 3826 4021 1710 1474 2392 2738 3547 2570]
[2296 1109 2936 3275 2061 685 2009 2235 634 2991 2495 3471 3086 1469 11 3359 1822 744 445 834 3550 2669 3982 779 4072 2414 207 3960 664 3673 3242 2083 3450 156 819 3345 1243 1154 1411 2036 1833 1185 3976 1846 3894 2671 3821 2332 3835 818 2120 182 809 1519 2763 374 2807 814 998 2935 1327 1638 571 2738 3137 263 753 2946 4083 1000 1492 1090 2230 2091 1795 1237 1095 2909 2867 2725 3333 1950 2769 3361 2545 2195 3322 316 3986 784 3407 235 888 54 2668 2089 3312 4007 793 563 3275 485 1048 3880 3847 106 3454 4037 1283 1471 872 1996 748 3236 1695 2184 2408 895 3021 1797]
[1702 377 3339 2588 2554 1655 3285 268 655 672 3480 3948 2830 2487 1595 2082 2384 4049 598 619 921 377 2331 1901 674 1188 3209 2021 2312 608 2829 2206 1874 211 1881 2947 390 500 1126 3944 851 1380 94 1549 3330 775 365 563 3469 694 1658 3503 3174 671 1976 2091 1937 2905 304 3014 388 2880 905 3002 3645 555 3315 170 2161 3910 2790 2259 3425 1722 3352 198 18 792 2067 1103 1264 3629 821 3201 1842 1467 3667 2093 3777 2950 2356 3823 1975 2935 76 1771 3539 489 866 1125 222 756 969 2500 2011 2418 2873 555 1819 3797 503 271 123 3413 2615 1800 3660 3515 369 2284]
[1543 408 2912 2178 2651 2107 3892 546 3687 3189 2230 550 4074 2993 3098 3114 3752 273 669 3209 1587 1246 3297 96 2920 2219 124 1619 3643 3728 3817 633 731 217 3202 1433 1594 355 498 3380 2911 3867 3808 1376 166 73 3592 1583 1280 323 1388 3422 2075 1212 1283 1650 1243 4003 2048 972 214 1583 2036 2576 3043 3906 3244 308 945 1859 3101 1570 2341 2366 3176 1313 1585 2492 24 898 888 1432 193 2889 3929 2801 115 1445 88 3843 3020 2747 1567 3355 1685 1450 2133 4057 565 1760 413 2052 1361 889 3403 1264 844 3314 2936 1637 2511 3852 1720 3398 2007 3965 3381 148 793 1204]
[104 2206 777 1294 3328 1223 1040 2159 3267 1877 2068 1814 260 1882 796 2362 3305 716 3096 3862 402 2238 993 716 956 2453 2187 24 8 3430 2113 3787 2696 1477 1717 280 1672 3298 1964 546 1709 1068 3954 876 550 3864 1017 4082 55 835 1748 1443 1179 2821 1418 1569 513 1974 615 2322 3114 3798 2857 1649 753 581 2217 941 2282 3325 3650 916 3553 490 1014 72 3661 3509 609 1139 2782 480 4000 655 3111 2211 1954 3639 2503 3716 3069 966 1143 3577 1400 825 1678 2451 2282 2927 1262 1972 107 1195 2245 2028 3974 795 870 929 1931 1989 815 2809 3111 1772 549 716 196 3448]
[1363 416 93 954 1040 327 3078 1965 3988 2853 2069 437 1235 4038 3100 2438 812 2952 2623 2327 2857 3130 4050 4012 1727 4016 2947 2006 1087 86 1585 2852 670 413 2568 2880 1269 2329 786 4025 1264 1540 1679 1115 1462 971 1423 2680 1803 3244 547 208 1418 2471 3958 1410 365 2498 3258 1210 3349 2772 861 452 1449 1843 500 1963 3926 524 855 3242 3885 3153 1913 1072 2869 402 989 2421 3563 571 3126 1881 3604 1241 771 2461 1000 479 2923 1507 310 811 398 2117 346 1630 3145 3161 3420 1613 977 967 991 2774 591 3517 1144 3350 2962 1580 3144 283 510 2420 2456 3351 366 1091]
[3211 2849 1342 115 143 3861 1272 921 1436 1299 1856 916 3950 4024 575 4005 4011 1946 781 1712 2449 2572 92 2811 2810 671 537 1236 3129 1128 3123 2494 261 379 1024 2762 1170 2946 3143 408 2229 818 2054 394 334 1896 3024 2817 1661 951 42 2622 2432 2200 1754 3457 2903 2581 739 189 2780 3600 916 3432 23 2038 2814 953 3716 1386 3735 2853 751 777 2863 3799 1684 3034 451 3690 2568 2781 28 2756 2488 1051 1056 2876 84 642 4050 3725 2662 578 2313 619 2032 1513 3054 2287 1982 3915 3729 2381 1105 2835 3569 1664 2653 1046 740 3135 813 1979 1212 1360 1830 2302 3303 3622]
[1405 3492 141 275 3623 2567 203 3028 2398 157 443 149 2745 2265 3812 3763 49 4022 786 3058 803 3451 2318 85 996 23 3375 3558 2183 559 1947 1249 2263 463 3359 1012 1466 470 3203 184 558 2469 2449 1550 375 1450 1659 871 121 3852 2260 3868 1083 3139 3561 2770 718 1982 371 3158 2580 2064 730 720 3413 2404 2847 1966 2322 1706 2472 2980 1682 2294 1654 1973 1854 1660 1273 2835 121 2199 388 3198 1952 1978 2580 2167 3679 563 4039 2909 1795 3119 911 1417 1186 232 3329 2795 758 1902 768 2632 2954 3426 165 1401 2366 3366 1531 3507 56 3735 2075 1865 4065 2588 1525 1305]
[2279 361 1420 1989 2824 1528 221 2660 2200 689 2655 721 963 755 1558 550 1546 1110 1277 1944 1300 1900 3270 65 3464 20 1587 3087 3898 1071 33 1964 2923 2811 3825 2436 1815 1226 3210 4037 2012 1354 2574 1481 984 3619 278 2720 2900 1550 2508 1495 3513 1471 1433 1841 765 572 3404 761 2594 10 1258 2870 174 1007 282 58 2088 1394 3131 3277 1089 2768 1002 4078 968 2717 3010 3998 516 2919 1430 1175 3445 2673 2559 3703 1342 1395 2415 1145 988 1395 3578 4083 3912 672 2445 2985 954 2072 1196 3133 2566 2105 846 2557 3937 3302 156 2446 745 3874 639 345 3915 2826 3233 1013]
[1211 185 3113 2050 590 883 1878 3235 2818 3161 1579 1826 231 3337 1873 3726 2514 538 766 3018 2916 1190 14 13 3888 3170 3901 1358 859 3858 1197 3217 87 247 1249 3227 834 3744 2136 3504 500 3844 1447 2455 1650 3078 2916 2237 2858 1244 2105 1121 268 2569 2901 75 735 2132 2409 1367 2242 2542 3881 3311 348 2237 2381 3738 2254 2538 1878 3787 2120 2589 1200 2922 1927 870 2473 1801 3242 2109 1146 196 3098 2058 2588 1543 2965 2567 1435 2976 1460 202 96 2071 1209 1171 502 352 255 2965 3482 3868 1984 2516 2928 1671 3943 1451 4079 16 554 53 3462 2919 640 3448 3228 1167]
[2259 289 3800 659 3962 135 413 2187 3090 2320 313 3735 3451 2942 3119 2533 127 1167 978 551 2642 842 2020 2680 3919 717 2822 3951 1892 740 42 786 1326 3978 3540 3408 3167 1202 2430 2831 2557 1997 2725 1208 1613 4058 624 416 3402 1732 3164 986 1471 3434 2714 3347 659 780 144 3846 3949 3656 2628 1686 571 2036 47 3164 3705 135 3139 1211 3609 4073 1930 102 558 1428 1397 90 3667 317 738 1444 1485 579 3212 2237 2181 1643 1478 3746 2326 1978 1221 1651 2867 3093 3270 771 2982 2144 988 931 1399 2800 2468 3113 2984 2920 3603 390 1919 2094 1256 1544 706 1549 3711 1176]
[1084 1384 2262 2890 649 1777 1703 1774 1233 2551 595 3472 112 3704 1617 1736 3076 398 1339 2409 2336 2448 2381 2577 1050 3718 908 786 613 363 1599 1266 2489 457 2379 3594 2843 4021 1831 3981 1701 1204 2631 3450 2315 3265 1283 2227 2956 1630 1320 4052 1326 3415 274 1333 2323 3601 4068 2655 3960 459 3487 2838 2160 993 1868 3664 3787 1133 2782 3617 2403 3814 1571 1380 382 713 3247 36 861 2973 3098 2950 334 4044 2727 1291 2349 3040 2524 1221 1617 3377 708 1427 3146 3239 395 4065 1399 3418 3672 3529 875 806 3947 1731 3651 1993 1789 2301 3150 3499 3679 3043 2790 2871 2107 96]
[187 3131 212 2856 3209 405 1333 423 97 1202 3325 2610 1541 2662 1809 2392 1674 365 2459 3386 1458 3251 3755 1538 2324 3377 10 2632 1648 3172 1258 2359 3065 766 768 2549 1972 2474 3774 88 3695 1466 3857 2147 155 1920 943 1077 2622 2587 1078 1309 893 1015 703 155 1631 671 646 2663 384 306 3964 2604 879 3590 595 478 1617 1837 3580 3845 1981 1185 2051 748 3122 2630 3241 3970 1219 3925 2773 314 79 3563 2879 2320 2165 339 527 3966 3132 812 749 3333 1836 2058 73 3178 1192 578 104 2853 1852 133 1768 2769 1955 2201 2703 250 538 826 585 2792 2600 3710 3467 1027]
[978 1620 790 3968 2536 1393 370 374 42 2430 1850 2621 1705 3047 3426 3323 452 604 3260 699 2021 561 3153 2807 856 2671 2987 2729 3987 2726 3662 728 3211 1275 1560 3030 920 1686 1596 3122 3177 1098 246 2919 1520 1474 1503 962 3815 4040 3937 2971 3629 3518 1302 2608 2857 3312 1049 1227 3808 2644 2858 3951 2133 1186 2988 3990 1919 815 3776 1919 275 1273 3450 3981 3889 3894 2932 1272 923 2615 1135 1041 2001 270 1093 114 2180 1509 326 3393 1296 1587 249 288 1570 39 976 4023 3656 709 2454 2203 3242 892 1835 2439 1280 616 1009 3393 3723 2265 2320 1635 612 1918 1276 1128]
[3648 1673 3412 1277 2443 3358 3768 3510 363 1037 1451 1961 3743 3923 3842 1651 3016 1460 1336 3820 1456 2688 1260 2543 1724 995 943 2220 3493 993 1725 1722 1650 352 349 319 1688 3927 2812 1826 1911 2656 1639 2949 1975 810 228 1203 1907 2127 3640 3903 4075 2526 1266 2275 688 676 3215 2041 740 2669 3760 1136 2659 3298 2104 824 3759 386 3605 2597 1540 661 429 1379 978 2440 224 1425 3342 1443 3921 1396 930 3978 1713 1594 1873 293 3981 3160 3998 1995 4072 529 2350 2962 608 4007 1248 1359 272 781 1320 994 3729 1717 1373 2999 199 1803 3185 3967 1404 1810 512 1143 68 638]
[2243 457 3881 1937 458 2333 1636 1046 1889 279 3985 1043 2307 2311 1460 1543 2023 1536 2280 1273 1067 3308 3511 113 707 2986 1003 2008 1835 42 425 1089 2783 2923 1434 2881 2625 603 2419 2312 629 1006 2022 2511 3465 2365 279 1992 3388 3420 1248 830 2137 2080 715 3623 1690 1639 892 88 2082 96 2997 291 2965 2224 3108 3921 1306 3124 111 281 3697 1313 3798 56 249 3109 3259 1246 746 3047 2333 2302 1483 1627 554 3040 2548 2798 2407 1559 2435 612 3449 2394 910 781 4048 614 2208 1346 879 2553 1237 2945 3538 1648 1411 1074 1058 1403 3921 1049 2587 2477 1925 4008 3062 2530]
[429 5 4048 3027 1085 3326 1346 1514 3227 515 173 3597 522 3903 149 1858 1610 1739 781 2102 2234 1313 1595 1858 2091 3085 2030 479 910 1948 1123 518 158 3585 902 677 448 2288 1324 881 2462 3366 2370 1357 533 3792 1692 1959 3872 1520 1709 488 801 2311 1922 41 426 48 3913 456 1050 450 2479 3481 799 3256 337 1690 3463 3407 2907 814 2785 149 1499 3424 3371 710 3523 2018 2077 2837 580 2942 2434 3717 3261 3116 500 1472 2505 2897 2961 667 87 2047 646 2000 2320 3332 81 1920 1681 3012 333 1867 486 1488 2640 3978 4050 2673 1773 3834 1289 1429 4080 3298 3924 2110]
[2144 4035 63 3847 383 3627 1385 1288 2373 2360 355 181 3128 3799 1411 2619 2076 2789 3075 1373 483 4041 1434 2937 1525 2179 3305 2560 741 381 1620 2763 1810 1162 4072 2310 3476 741 3630 2188 2461 2466 3250 2573 3438 3464 1231 2366 940 3667 1173 3450 388 3194 959 447 3415 2338 1574 2506 199 3273 1772 4090 941 2940 3269 1111 4076 1125 1993 941 1537 1124 1632 1609 3840 1728 2463 1056 2081 1483 1516 3499 2697 125 3585 3340 1173 2450 3299 3197 1016 666 2921 3684 1437 1364 3250 1170 3230 3400 1261 3937 3097 968 3671 3192 2232 2273 757 4092 3762 2384 2056 3331 2787 466 3291 3836]
[3377 3835 444 3835 2859 3158 2796 999 2554 1825 87 3507 4086 3212 552 3870 283 3706 3879 523 711 228 1976 1343 2441 543 3790 1051 948 2489 3319 3153 2110 2101 1604 2174 205 3469 3992 3571 879 257 3686 1420 3816 378 2165 1378 633 3095 3276 3777 1109 3761 1826 3488 254 562 1962 252 343 520 3175 440 73 76 1608 3690 2135 2277 2301 1994 138 2553 2426 1651 3131 2326 1928 4080 4009 1388 2184 1159 241 334 2229 1654 1697 2365 2910 1045 2029 1014 2501 2807 3838 1068 2226 2616 414 1839 67 527 2447 1091 1261 569 3126 2619 56 618 2911 2013 823 1112 1591 3704 1295 2744]
[2291 1974 3045 1911 2180 898 3845 2713 1632 2420 2312 924 3269 2758 2515 1799 1742 2455 3162 58 504 1165 1911 154 3499 1073 2819 3937 441 3550 979 2878 3937 3581 1859 2113 2549 1273 2113 762 1480 2429 1001 3100 16 853 1988 1539 1763 3128 803 1262 1041 3891 2002 3365 115 4068 1282 2917 2143 2054 204 1965 2114 27 3113 2498 1190 2395 2806 2470 3323 782 3612 1529 3407 3266 2367 3775 3677 4046 3707 223 3098 2230 1801 1998 3837 2332 142 1072 2026 171 2527 1105 1927 2726 2695 3992 3157 754 3986 188 1717 978 2120 3743 3427 1612 1070 2696 3398 3034 421 2134 1070 3932 934 1359]
[3860 4025 3775 145 14 2796 2067 23 997 2654 3958 679 3136 3717 2480 931 1018 2134 3910 3480 1077 605 429 1838 701 1555 2560 1706 723 530 991 3601 799 1361 1793 3075 3524 3608 2439 1568 2835 671 897 3218 1498 1501 2917 391 3524 435 3977 3862 2073 1200 2897 540 3338 2958 520 60 546 1104 3194 1558 2511 785 2614 3293 2811 3223 1774 755 1510 542 274 1145 2085 1223 2540 3248 3675 3144 2395 3377 680 1422 2673 108 1636 38 465 982 3493 2440 3246 2677 120 806 321 3953 1725 1260 595 680 3867 2810 3431 727 3025 1516 2892 3003 3816 2285 2596 1827 2241 1233 356 3278]
[4093 0 0 0 0 0 0 0 0 0 0 0 0 0 0 0 0 0 0 0 0 0 0 0 0 0 0 0 0 0 0 0 0 0 0 0 0 0 0 0 0 0 0 0 0 0 0 0 0 0 0 0 0 0 0 0 0 0 0 0 0 0 0 0 0 0 0 0 0 0 0 0 0 0 0 0 0 0 0 0 0 0 0 0 0 0 0 0 0 0 0 0 0 0 0 0 0 0 0 0 0 0 0 0 0 0 0 0 0 0 0 0 0 0 0 0 0 0 0 0]
[0 4093 0 0 0 0 0 0 0 0 0 0 0 0 0 0 0 0 0 0 0 0 0 0 0 0 0 0 0 0 0 0 0 0 0 0 0 0 0 0 0 0 0 0 0 0 0 0 0 0 0 0 0 0 0 0 0 0 0 0 0 0 0 0 0 0 0 0 0 0 0 0 0 0 0 0 0 0 0 0 0 0 0 0 0 0 0 0 0 0 0 0 0 0 0 0 0 0 0 0 0 0 0 0 0 0 0 0 0 0 0 0 0 0 0 0 0 0 0 0]
[0 0 4093 0 0 0 0 0 0 0 0 0 0 0 0 0 0 0 0 0 0 0 0 0 0 0 0 0 0 0 0 0 0 0 0 0 0 0 0 0 0 0 0 0 0 0 0 0 0 0 0 0 0 0 0 0 0 0 0 0 0 0 0 0 0 0 0 0 0 0 0 0 0 0 0 0 0 0 0 0 0 0 0 0 0 0 0 0 0 0 0 0 0 0 0 0 0 0 0 0 0 0 0 0 0 0 0 0 0 0 0 0 0 0 0 0 0 0 0 0]
[0 0 0 4093 0 0 0 0 0 0 0 0 0 0 0 0 0 0 0 0 0 0 0 0 0 0 0 0 0 0 0 0 0 0 0 0 0 0 0 0 0 0 0 0 0 0 0 0 0 0 0 0 0 0 0 0 0 0 0 0 0 0 0 0 0 0 0 0 0 0 0 0 0 0 0 0 0 0 0 0 0 0 0 0 0 0 0 0 0 0 0 0 0 0 0 0 0 0 0 0 0 0 0 0 0 0 0 0 0 0 0 0 0 0 0 0 0 0 0 0]
[0 0 0 0 4093 0 0 0 0 0 0 0 0 0 0 0 0 0 0 0 0 0 0 0 0 0 0 0 0 0 0 0 0 0 0 0 0 0 0 0 0 0 0 0 0 0 0 0 0 0 0 0 0 0 0 0 0 0 0 0 0 0 0 0 0 0 0 0 0 0 0 0 0 0 0 0 0 0 0 0 0 0 0 0 0 0 0 0 0 0 0 0 0 0 0 0 0 0 0 0 0 0 0 0 0 0 0 0 0 0 0 0 0 0 0 0 0 0 0 0]
[0 0 0 0 0 4093 0 0 0 0 0 0 0 0 0 0 0 0 0 0 0 0 0 0 0 0 0 0 0 0 0 0 0 0 0 0 0 0 0 0 0 0 0 0 0 0 0 0 0 0 0 0 0 0 0 0 0 0 0 0 0 0 0 0 0 0 0 0 0 0 0 0 0 0 0 0 0 0 0 0 0 0 0 0 0 0 0 0 0 0 0 0 0 0 0 0 0 0 0 0 0 0 0 0 0 0 0 0 0 0 0 0 0 0 0 0 0 0 0 0]
[0 0 0 0 0 0 4093 0 0 0 0 0 0 0 0 0 0 0 0 0 0 0 0 0 0 0 0 0 0 0 0 0 0 0 0 0 0 0 0 0 0 0 0 0 0 0 0 0 0 0 0 0 0 0 0 0 0 0 0 0 0 0 0 0 0 0 0 0 0 0 0 0 0 0 0 0 0 0 0 0 0 0 0 0 0 0 0 0 0 0 0 0 0 0 0 0 0 0 0 0 0 0 0 0 0 0 0 0 0 0 0 0 0 0 0 0 0 0 0 0]
[0 0 0 0 0 0 0 4093 0 0 0 0 0 0 0 0 0 0 0 0 0 0 0 0 0 0 0 0 0 0 0 0 0 0 0 0 0 0 0 0 0 0 0 0 0 0 0 0 0 0 0 0 0 0 0 0 0 0 0 0 0 0 0 0 0 0 0 0 0 0 0 0 0 0 0 0 0 0 0 0 0 0 0 0 0 0 0 0 0 0 0 0 0 0 0 0 0 0 0 0 0 0 0 0 0 0 0 0 0 0 0 0 0 0 0 0 0 0 0 0]
[0 0 0 0 0 0 0 0 4093 0 0 0 0 0 0 0 0 0 0 0 0 0 0 0 0 0 0 0 0 0 0 0 0 0 0 0 0 0 0 0 0 0 0 0 0 0 0 0 0 0 0 0 0 0 0 0 0 0 0 0 0 0 0 0 0 0 0 0 0 0 0 0 0 0 0 0 0 0 0 0 0 0 0 0 0 0 0 0 0 0 0 0 0 0 0 0 0 0 0 0 0 0 0 0 0 0 0 0 0 0 0 0 0 0 0 0 0 0 0 0]
[0 0 0 0 0 0 0 0 0 4093 0 0 0 0 0 0 0 0 0 0 0 0 0 0 0 0 0 0 0 0 0 0 0 0 0 0 0 0 0 0 0 0 0 0 0 0 0 0 0 0 0 0 0 0 0 0 0 0 0 0 0 0 0 0 0 0 0 0 0 0 0 0 0 0 0 0 0 0 0 0 0 0 0 0 0 0 0 0 0 0 0 0 0 0 0 0 0 0 0 0 0 0 0 0 0 0 0 0 0 0 0 0 0 0 0 0 0 0 0 0]
[0 0 0 0 0 0 0 0 0 0 4093 0 0 0 0 0 0 0 0 0 0 0 0 0 0 0 0 0 0 0 0 0 0 0 0 0 0 0 0 0 0 0 0 0 0 0 0 0 0 0 0 0 0 0 0 0 0 0 0 0 0 0 0 0 0 0 0 0 0 0 0 0 0 0 0 0 0 0 0 0 0 0 0 0 0 0 0 0 0 0 0 0 0 0 0 0 0 0 0 0 0 0 0 0 0 0 0 0 0 0 0 0 0 0 0 0 0 0 0 0]
[0 0 0 0 0 0 0 0 0 0 0 4093 0 0 0 0 0 0 0 0 0 0 0 0 0 0 0 0 0 0 0 0 0 0 0 0 0 0 0 0 0 0 0 0 0 0 0 0 0 0 0 0 0 0 0 0 0 0 0 0 0 0 0 0 0 0 0 0 0 0 0 0 0 0 0 0 0 0 0 0 0 0 0 0 0 0 0 0 0 0 0 0 0 0 0 0 0 0 0 0 0 0 0 0 0 0 0 0 0 0 0 0 0 0 0 0 0 0 0 0]
[0 0 0 0 0 0 0 0 0 0 0 0 4093 0 0 0 0 0 0 0 0 0 0 0 0 0 0 0 0 0 0 0 0 0 0 0 0 0 0 0 0 0 0 0 0 0 0 0 0 0 0 0 0 0 0 0 0 0 0 0 0 0 0 0 0 0 0 0 0 0 0 0 0 0 0 0 0 0 0 0 0 0 0 0 0 0 0 0 0 0 0 0 0 0 0 0 0 0 0 0 0 0 0 0 0 0 0 0 0 0 0 0 0 0 0 0 0 0 0 0]
[0 0 0 0 0 0 0 0 0 0 0 0 0 4093 0 0 0 0 0 0 0 0 0 0 0 0 0 0 0 0 0 0 0 0 0 0 0 0 0 0 0 0 0 0 0 0 0 0 0 0 0 0 0 0 0 0 0 0 0 0 0 0 0 0 0 0 0 0 0 0 0 0 0 0 0 0 0 0 0 0 0 0 0 0 0 0 0 0 0 0 0 0 0 0 0 0 0 0 0 0 0 0 0 0 0 0 0 0 0 0 0 0 0 0 0 0 0 0 0 0]
[0 0 0 0 0 0 0 0 0 0 0 0 0 0 4093 0 0 0 0 0 0 0 0 0 0 0 0 0 0 0 0 0 0 0 0 0 0 0 0 0 0 0 0 0 0 0 0 0 0 0 0 0 0 0 0 0 0 0 0 0 0 0 0 0 0 0 0 0 0 0 0 0 0 0 0 0 0 0 0 0 0 0 0 0 0 0 0 0 0 0 0 0 0 0 0 0 0 0 0 0 0 0 0 0 0 0 0 0 0 0 0 0 0 0 0 0 0 0 0 0]
[0 0 0 0 0 0 0 0 0 0 0 0 0 0 0 4093 0 0 0 0 0 0 0 0 0 0 0 0 0 0 0 0 0 0 0 0 0 0 0 0 0 0 0 0 0 0 0 0 0 0 0 0 0 0 0 0 0 0 0 0 0 0 0 0 0 0 0 0 0 0 0 0 0 0 0 0 0 0 0 0 0 0 0 0 0 0 0 0 0 0 0 0 0 0 0 0 0 0 0 0 0 0 0 0 0 0 0 0 0 0 0 0 0 0 0 0 0 0 0 0]
[0 0 0 0 0 0 0 0 0 0 0 0 0 0 0 0 4093 0 0 0 0 0 0 0 0 0 0 0 0 0 0 0 0 0 0 0 0 0 0 0 0 0 0 0 0 0 0 0 0 0 0 0 0 0 0 0 0 0 0 0 0 0 0 0 0 0 0 0 0 0 0 0 0 0 0 0 0 0 0 0 0 0 0 0 0 0 0 0 0 0 0 0 0 0 0 0 0 0 0 0 0 0 0 0 0 0 0 0 0 0 0 0 0 0 0 0 0 0 0 0]
[0 0 0 0 0 0 0 0 0 0 0 0 0 0 0 0 0 4093 0 0 0 0 0 0 0 0 0 0 0 0 0 0 0 0 0 0 0 0 0 0 0 0 0 0 0 0 0 0 0 0 0 0 0 0 0 0 0 0 0 0 0 0 0 0 0 0 0 0 0 0 0 0 0 0 0 0 0 0 0 0 0 0 0 0 0 0 0 0 0 0 0 0 0 0 0 0 0 0 0 0 0 0 0 0 0 0 0 0 0 0 0 0 0 0 0 0 0 0 0 0]
[0 0 0 0 0 0 0 0 0 0 0 0 0 0 0 0 0 0 4093 0 0 0 0 0 0 0 0 0 0 0 0 0 0 0 0 0 0 0 0 0 0 0 0 0 0 0 0 0 0 0 0 0 0 0 0 0 0 0 0 0 0 0 0 0 0 0 0 0 0 0 0 0 0 0 0 0 0 0 0 0 0 0 0 0 0 0 0 0 0 0 0 0 0 0 0 0 0 0 0 0 0 0 0 0 0 0 0 0 0 0 0 0 0 0 0 0 0 0 0 0]
[0 0 0 0 0 0 0 0 0 0 0 0 0 0 0 0 0 0 0 4093 0 0 0 0 0 0 0 0 0 0 0 0 0 0 0 0 0 0 0 0 0 0 0 0 0 0 0 0 0 0 0 0 0 0 0 0 0 0 0 0 0 0 0 0 0 0 0 0 0 0 0 0 0 0 0 0 0 0 0 0 0 0 0 0 0 0 0 0 0 0 0 0 0 0 0 0 0 0 0 0 0 0 0 0 0 0 0 0 0 0 0 0 0 0 0 0 0 0 0 0]
[0 0 0 0 0 0 0 0 0 0 0 0 0 0 0 0 0 0 0 0 4093 0 0 0 0 0 0 0 0 0 0 0 0 0 0 0 0 0 0 0 0 0 0 0 0 0 0 0 0 0 0 0 0 0 0 0 0 0 0 0 0 0 0 0 0 0 0 0 0 0 0 0 0 0 0 0 0 0 0 0 0 0 0 0 0 0 0 0 0 0 0 0 0 0 0 0 0 0 0 0 0 0 0 0 0 0 0 0 0 0 0 0 0 0 0 0 0 0 0 0]
[0 0 0 0 0 0 0 0 0 0 0 0 0 0 0 0 0 0 0 0 0 4093 0 0 0 0 0 0 0 0 0 0 0 0 0 0 0 0 0 0 0 0 0 0 0 0 0 0 0 0 0 0 0 0 0 0 0 0 0 0 0 0 0 0 0 0 0 0 0 0 0 0 0 0 0 0 0 0 0 0 0 0 0 0 0 0 0 0 0 0 0 0 0 0 0 0 0 0 0 0 0 0 0 0 0 0 0 0 0 0 0 0 0 0 0 0 0 0 0 0]
[0 0 0 0 0 0 0 0 0 0 0 0 0 0 0 0 0 0 0 0 0 0 4093 0 0 0 0 0 0 0 0 0 0 0 0 0 0 0 0 0 0 0 0 0 0 0 0 0 0 0 0 0 0 0 0 0 0 0 0 0 0 0 0 0 0 0 0 0 0 0 0 0 0 0 0 0 0 0 0 0 0 0 0 0 0 0 0 0 0 0 0 0 0 0 0 0 0 0 0 0 0 0 0 0 0 0 0 0 0 0 0 0 0 0 0 0 0 0 0 0]
[0 0 0 0 0 0 0 0 0 0 0 0 0 0 0 0 0 0 0 0 0 0 0 4093 0 0 0 0 0 0 0 0 0 0 0 0 0 0 0 0 0 0 0 0 0 0 0 0 0 0 0 0 0 0 0 0 0 0 0 0 0 0 0 0 0 0 0 0 0 0 0 0 0 0 0 0 0 0 0 0 0 0 0 0 0 0 0 0 0 0 0 0 0 0 0 0 0 0 0 0 0 0 0 0 0 0 0 0 0 0 0 0 0 0 0 0 0 0 0 0]
[0 0 0 0 0 0 0 0 0 0 0 0 0 0 0 0 0 0 0 0 0 0 0 0 4093 0 0 0 0 0 0 0 0 0 0 0 0 0 0 0 0 0 0 0 0 0 0 0 0 0 0 0 0 0 0 0 0 0 0 0 0 0 0 0 0 0 0 0 0 0 0 0 0 0 0 0 0 0 0 0 0 0 0 0 0 0 0 0 0 0 0 0 0 0 0 0 0 0 0 0 0 0 0 0 0 0 0 0 0 0 0 0 0 0 0 0 0 0 0 0]
[0 0 0 0 0 0 0 0 0 0 0 0 0 0 0 0 0 0 0 0 0 0 0 0 0 4093 0 0 0 0 0 0 0 0 0 0 0 0 0 0 0 0 0 0 0 0 0 0 0 0 0 0 0 0 0 0 0 0 0 0 0 0 0 0 0 0 0 0 0 0 0 0 0 0 0 0 0 0 0 0 0 0 0 0 0 0 0 0 0 0 0 0 0 0 0 0 0 0 0 0 0 0 0 0 0 0 0 0 0 0 0 0 0 0 0 0 0 0 0 0]
[0 0 0 0 0 0 0 0 0 0 0 0 0 0 0 0 0 0 0 0 0 0 0 0 0 0 4093 0 0 0 0 0 0 0 0 0 0 0 0 0 0 0 0 0 0 0 0 0 0 0 0 0 0 0 0 0 0 0 0 0 0 0 0 0 0 0 0 0 0 0 0 0 0 0 0 0 0 0 0 0 0 0 0 0 0 0 0 0 0 0 0 0 0 0 0 0 0 0 0 0 0 0 0 0 0 0 0 0 0 0 0 0 0 0 0 0 0 0 0 0]
[0 0 0 0 0 0 0 0 0 0 0 0 0 0 0 0 0 0 0 0 0 0 0 0 0 0 0 4093 0 0 0 0 0 0 0 0 0 0 0 0 0 0 0 0 0 0 0 0 0 0 0 0 0 0 0 0 0 0 0 0 0 0 0 0 0 0 0 0 0 0 0 0 0 0 0 0 0 0 0 0 0 0 0 0 0 0 0 0 0 0 0 0 0 0 0 0 0 0 0 0 0 0 0 0 0 0 0 0 0 0 0 0 0 0 0 0 0 0 0 0]
[0 0 0 0 0 0 0 0 0 0 0 0 0 0 0 0 0 0 0 0 0 0 0 0 0 0 0 0 4093 0 0 0 0 0 0 0 0 0 0 0 0 0 0 0 0 0 0 0 0 0 0 0 0 0 0 0 0 0 0 0 0 0 0 0 0 0 0 0 0 0 0 0 0 0 0 0 0 0 0 0 0 0 0 0 0 0 0 0 0 0 0 0 0 0 0 0 0 0 0 0 0 0 0 0 0 0 0 0 0 0 0 0 0 0 0 0 0 0 0 0]
[0 0 0 0 0 0 0 0 0 0 0 0 0 0 0 0 0 0 0 0 0 0 0 0 0 0 0 0 0 4093 0 0 0 0 0 0 0 0 0 0 0 0 0 0 0 0 0 0 0 0 0 0 0 0 0 0 0 0 0 0 0 0 0 0 0 0 0 0 0 0 0 0 0 0 0 0 0 0 0 0 0 0 0 0 0 0 0 0 0 0 0 0 0 0 0 0 0 0 0 0 0 0 0 0 0 0 0 0 0 0 0 0 0 0 0 0 0 0 0 0]
[0 0 0 0 0 0 0 0 0 0 0 0 0 0 0 0 0 0 0 0 0 0 0 0 0 0 0 0 0 0 4093 0 0 0 0 0 0 0 0 0 0 0 0 0 0 0 0 0 0 0 0 0 0 0 0 0 0 0 0 0 0 0 0 0 0 0 0 0 0 0 0 0 0 0 0 0 0 0 0 0 0 0 0 0 0 0 0 0 0 0 0 0 0 0 0 0 0 0 0 0 0 0 0 0 0 0 0 0 0 0 0 0 0 0 0 0 0 0 0 0]
[0 0 0 0 0 0 0 0 0 0 0 0 0 0 0 0 0 0 0 0 0 0 0 0 0 0 0 0 0 0 0 4093 0 0 0 0 0 0 0 0 0 0 0 0 0 0 0 0 0 0 0 0 0 0 0 0 0 0 0 0 0 0 0 0 0 0 0 0 0 0 0 0 0 0 0 0 0 0 0 0 0 0 0 0 0 0 0 0 0 0 0 0 0 0 0 0 0 0 0 0 0 0 0 0 0 0 0 0 0 0 0 0 0 0 0 0 0 0 0 0]
[0 0 0 0 0 0 0 0 0 0 0 0 0 0 0 0 0 0 0 0 0 0 0 0 0 0 0 0 0 0 0 0 4093 0 0 0 0 0 0 0 0 0 0 0 0 0 0 0 0 0 0 0 0 0 0 0 0 0 0 0 0 0 0 0 0 0 0 0 0 0 0 0 0 0 0 0 0 0 0 0 0 0 0 0 0 0 0 0 0 0 0 0 0 0 0 0 0 0 0 0 0 0 0 0 0 0 0 0 0 0 0 0 0 0 0 0 0 0 0 0]
[0 0 0 0 0 0 0 0 0 0 0 0 0 0 0 0 0 0 0 0 0 0 0 0 0 0 0 0 0 0 0 0 0 4093 0 0 0 0 0 0 0 0 0 0 0 0 0 0 0 0 0 0 0 0 0 0 0 0 0 0 0 0 0 0 0 0 0 0 0 0 0 0 0 0 0 0 0 0 0 0 0 0 0 0 0 0 0 0 0 0 0 0 0 0 0 0 0 0 0 0 0 0 0 0 0 0 0 0 0 0 0 0 0 0 0 0 0 0 0 0]
[0 0 0 0 0 0 0 0 0 0 0 0 0 0 0 0 0 0 0 0 0 0 0 0 0 0 0 0 0 0 0 0 0 0 4093 0 0 0 0 0 0 0 0 0 0 0 0 0 0 0 0 0 0 0 0 0 0 0 0 0 0 0 0 0 0 0 0 0 0 0 0 0 0 0 0 0 0 0 0 0 0 0 0 0 0 0 0 0 0 0 0 0 0 0 0 0 0 0 0 0 0 0 0 0 0 0 0 0 0 0 0 0 0 0 0 0 0 0 0 0]
[0 0 0 0 0 0 0 0 0 0 0 0 0 0 0 0 0 0 0 0 0 0 0 0 0 0 0 0 0 0 0 0 0 0 0 4093 0 0 0 0 0 0 0 0 0 0 0 0 0 0 0 0 0 0 0 0 0 0 0 0 0 0 0 0 0 0 0 0 0 0 0 0 0 0 0 0 0 0 0 0 0 0 0 0 0 0 0 0 0 0 0 0 0 0 0 0 0 0 0 0 0 0 0 0 0 0 0 0 0 0 0 0 0 0 0 0 0 0 0 0]
[0 0 0 0 0 0 0 0 0 0 0 0 0 0 0 0 0 0 0 0 0 0 0 0 0 0 0 0 0 0 0 0 0 0 0 0 4093 0 0 0 0 0 0 0 0 0 0 0 0 0 0 0 0 0 0 0 0 0 0 0 0 0 0 0 0 0 0 0 0 0 0 0 0 0 0 0 0 0 0 0 0 0 0 0 0 0 0 0 0 0 0 0 0 0 0 0 0 0 0 0 0 0 0 0 0 0 0 0 0 0 0 0 0 0 0 0 0 0 0 0]
[0 0 0 0 0 0 0 0 0 0 0 0 0 0 0 0 0 0 0 0 0 0 0 0 0 0 0 0 0 0 0 0 0 0 0 0 0 4093 0 0 0 0 0 0 0 0 0 0 0 0 0 0 0 0 0 0 0 0 0 0 0 0 0 0 0 0 0 0 0 0 0 0 0 0 0 0 0 0 0 0 0 0 0 0 0 0 0 0 0 0 0 0 0 0 0 0 0 0 0 0 0 0 0 0 0 0 0 0 0 0 0 0 0 0 0 0 0 0 0 0]
[0 0 0 0 0 0 0 0 0 0 0 0 0 0 0 0 0 0 0 0 0 0 0 0 0 0 0 0 0 0 0 0 0 0 0 0 0 0 4093 0 0 0 0 0 0 0 0 0 0 0 0 0 0 0 0 0 0 0 0 0 0 0 0 0 0 0 0 0 0 0 0 0 0 0 0 0 0 0 0 0 0 0 0 0 0 0 0 0 0 0 0 0 0 0 0 0 0 0 0 0 0 0 0 0 0 0 0 0 0 0 0 0 0 0 0 0 0 0 0 0]
[0 0 0 0 0 0 0 0 0 0 0 0 0 0 0 0 0 0 0 0 0 0 0 0 0 0 0 0 0 0 0 0 0 0 0 0 0 0 0 4093 0 0 0 0 0 0 0 0 0 0 0 0 0 0 0 0 0 0 0 0 0 0 0 0 0 0 0 0 0 0 0 0 0 0 0 0 0 0 0 0 0 0 0 0 0 0 0 0 0 0 0 0 0 0 0 0 0 0 0 0 0 0 0 0 0 0 0 0 0 0 0 0 0 0 0 0 0 0 0 0]
[0 0 0 0 0 0 0 0 0 0 0 0 0 0 0 0 0 0 0 0 0 0 0 0 0 0 0 0 0 0 0 0 0 0 0 0 0 0 0 0 4093 0 0 0 0 0 0 0 0 0 0 0 0 0 0 0 0 0 0 0 0 0 0 0 0 0 0 0 0 0 0 0 0 0 0 0 0 0 0 0 0 0 0 0 0 0 0 0 0 0 0 0 0 0 0 0 0 0 0 0 0 0 0 0 0 0 0 0 0 0 0 0 0 0 0 0 0 0 0 0]
[0 0 0 0 0 0 0 0 0 0 0 0 0 0 0 0 0 0 0 0 0 0 0 0 0 0 0 0 0 0 0 0 0 0 0 0 0 0 0 0 0 4093 0 0 0 0 0 0 0 0 0 0 0 0 0 0 0 0 0 0 0 0 0 0 0 0 0 0 0 0 0 0 0 0 0 0 0 0 0 0 0 0 0 0 0 0 0 0 0 0 0 0 0 0 0 0 0 0 0 0 0 0 0 0 0 0 0 0 0 0 0 0 0 0 0 0 0 0 0 0]
[0 0 0 0 0 0 0 0 0 0 0 0 0 0 0 0 0 0 0 0 0 0 0 0 0 0 0 0 0 0 0 0 0 0 0 0 0 0 0 0 0 0 4093 0 0 0 0 0 0 0 0 0 0 0 0 0 0 0 0 0 0 0 0 0 0 0 0 0 0 0 0 0 0 0 0 0 0 0 0 0 0 0 0 0 0 0 0 0 0 0 0 0 0 0 0 0 0 0 0 0 0 0 0 0 0 0 0 0 0 0 0 0 0 0 0 0 0 0 0 0]
[0 0 0 0 0 0 0 0 0 0 0 0 0 0 0 0 0 0 0 0 0 0 0 0 0 0 0 0 0 0 0 0 0 0 0 0 0 0 0 0 0 0 0 4093 0 0 0 0 0 0 0 0 0 0 0 0 0 0 0 0 0 0 0 0 0 0 0 0 0 0 0 0 0 0 0 0 0 0 0 0 0 0 0 0 0 0 0 0 0 0 0 0 0 0 0 0 0 0 0 0 0 0 0 0 0 0 0 0 0 0 0 0 0 0 0 0 0 0 0 0]
[0 0 0 0 0 0 0 0 0 0 0 0 0 0 0 0 0 0 0 0 0 0 0 0 0 0 0 0 0 0 0 0 0 0 0 0 0 0 0 0 0 0 0 0 4093 0 0 0 0 0 0 0 0 0 0 0 0 0 0 0 0 0 0 0 0 0 0 0 0 0 0 0 0 0 0 0 0 0 0 0 0 0 0 0 0 0 0 0 0 0 0 0 0 0 0 0 0 0 0 0 0 0 0 0 0 0 0 0 0 0 0 0 0 0 0 0 0 0 0 0]
[0 0 0 0 0 0 0 0 0 0 0 0 0 0 0 0 0 0 0 0 0 0 0 0 0 0 0 0 0 0 0 0 0 0 0 0 0 0 0 0 0 0 0 0 0 4093 0 0 0 0 0 0 0 0 0 0 0 0 0 0 0 0 0 0 0 0 0 0 0 0 0 0 0 0 0 0 0 0 0 0 0 0 0 0 0 0 0 0 0 0 0 0 0 0 0 0 0 0 0 0 0 0 0 0 0 0 0 0 0 0 0 0 0 0 0 0 0 0 0 0]
[0 0 0 0 0 0 0 0 0 0 0 0 0 0 0 0 0 0 0 0 0 0 0 0 0 0 0 0 0 0 0 0 0 0 0 0 0 0 0 0 0 0 0 0 0 0 4093 0 0 0 0 0 0 0 0 0 0 0 0 0 0 0 0 0 0 0 0 0 0 0 0 0 0 0 0 0 0 0 0 0 0 0 0 0 0 0 0 0 0 0 0 0 0 0 0 0 0 0 0 0 0 0 0 0 0 0 0 0 0 0 0 0 0 0 0 0 0 0 0 0]
[0 0 0 0 0 0 0 0 0 0 0 0 0 0 0 0 0 0 0 0 0 0 0 0 0 0 0 0 0 0 0 0 0 0 0 0 0 0 0 0 0 0 0 0 0 0 0 4093 0 0 0 0 0 0 0 0 0 0 0 0 0 0 0 0 0 0 0 0 0 0 0 0 0 0 0 0 0 0 0 0 0 0 0 0 0 0 0 0 0 0 0 0 0 0 0 0 0 0 0 0 0 0 0 0 0 0 0 0 0 0 0 0 0 0 0 0 0 0 0 0]
[0 0 0 0 0 0 0 0 0 0 0 0 0 0 0 0 0 0 0 0 0 0 0 0 0 0 0 0 0 0 0 0 0 0 0 0 0 0 0 0 0 0 0 0 0 0 0 0 4093 0 0 0 0 0 0 0 0 0 0 0 0 0 0 0 0 0 0 0 0 0 0 0 0 0 0 0 0 0 0 0 0 0 0 0 0 0 0 0 0 0 0 0 0 0 0 0 0 0 0 0 0 0 0 0 0 0 0 0 0 0 0 0 0 0 0 0 0 0 0 0]
[0 0 0 0 0 0 0 0 0 0 0 0 0 0 0 0 0 0 0 0 0 0 0 0 0 0 0 0 0 0 0 0 0 0 0 0 0 0 0 0 0 0 0 0 0 0 0 0 0 4093 0 0 0 0 0 0 0 0 0 0 0 0 0 0 0 0 0 0 0 0 0 0 0 0 0 0 0 0 0 0 0 0 0 0 0 0 0 0 0 0 0 0 0 0 0 0 0 0 0 0 0 0 0 0 0 0 0 0 0 0 0 0 0 0 0 0 0 0 0 0]
[0 0 0 0 0 0 0 0 0 0 0 0 0 0 0 0 0 0 0 0 0 0 0 0 0 0 0 0 0 0 0 0 0 0 0 0 0 0 0 0 0 0 0 0 0 0 0 0 0 0 4093 0 0 0 0 0 0 0 0 0 0 0 0 0 0 0 0 0 0 0 0 0 0 0 0 0 0 0 0 0 0 0 0 0 0 0 0 0 0 0 0 0 0 0 0 0 0 0 0 0 0 0 0 0 0 0 0 0 0 0 0 0 0 0 0 0 0 0 0 0]
[0 0 0 0 0 0 0 0 0 0 0 0 0 0 0 0 0 0 0 0 0 0 0 0 0 0 0 0 0 0 0 0 0 0 0 0 0 0 0 0 0 0 0 0 0 0 0 0 0 0 0 4093 0 0 0 0 0 0 0 0 0 0 0 0 0 0 0 0 0 0 0 0 0 0 0 0 0 0 0 0 0 0 0 0 0 0 0 0 0 0 0 0 0 0 0 0 0 0 0 0 0 0 0 0 0 0 0 0 0 0 0 0 0 0 0 0 0 0 0 0]
[0 0 0 0 0 0 0 0 0 0 0 0 0 0 0 0 0 0 0 0 0 0 0 0 0 0 0 0 0 0 0 0 0 0 0 0 0 0 0 0 0 0 0 0 0 0 0 0 0 0 0 0 4093 0 0 0 0 0 0 0 0 0 0 0 0 0 0 0 0 0 0 0 0 0 0 0 0 0 0 0 0 0 0 0 0 0 0 0 0 0 0 0 0 0 0 0 0 0 0 0 0 0 0 0 0 0 0 0 0 0 0 0 0 0 0 0 0 0 0 0]
[0 0 0 0 0 0 0 0 0 0 0 0 0 0 0 0 0 0 0 0 0 0 0 0 0 0 0 0 0 0 0 0 0 0 0 0 0 0 0 0 0 0 0 0 0 0 0 0 0 0 0 0 0 4093 0 0 0 0 0 0 0 0 0 0 0 0 0 0 0 0 0 0 0 0 0 0 0 0 0 0 0 0 0 0 0 0 0 0 0 0 0 0 0 0 0 0 0 0 0 0 0 0 0 0 0 0 0 0 0 0 0 0 0 0 0 0 0 0 0 0]
[0 0 0 0 0 0 0 0 0 0 0 0 0 0 0 0 0 0 0 0 0 0 0 0 0 0 0 0 0 0 0 0 0 0 0 0 0 0 0 0 0 0 0 0 0 0 0 0 0 0 0 0 0 0 4093 0 0 0 0 0 0 0 0 0 0 0 0 0 0 0 0 0 0 0 0 0 0 0 0 0 0 0 0 0 0 0 0 0 0 0 0 0 0 0 0 0 0 0 0 0 0 0 0 0 0 0 0 0 0 0 0 0 0 0 0 0 0 0 0 0]
[0 0 0 0 0 0 0 0 0 0 0 0 0 0 0 0 0 0 0 0 0 0 0 0 0 0 0 0 0 0 0 0 0 0 0 0 0 0 0 0 0 0 0 0 0 0 0 0 0 0 0 0 0 0 0 4093 0 0 0 0 0 0 0 0 0 0 0 0 0 0 0 0 0 0 0 0 0 0 0 0 0 0 0 0 0 0 0 0 0 0 0 0 0 0 0 0 0 0 0 0 0 0 0 0 0 0 0 0 0 0 0 0 0 0 0 0 0 0 0 0]
[0 0 0 0 0 0 0 0 0 0 0 0 0 0 0 0 0 0 0 0 0 0 0 0 0 0 0 0 0 0 0 0 0 0 0 0 0 0 0 0 0 0 0 0 0 0 0 0 0 0 0 0 0 0 0 0 4093 0 0 0 0 0 0 0 0 0 0 0 0 0 0 0 0 0 0 0 0 0 0 0 0 0 0 0 0 0 0 0 0 0 0 0 0 0 0 0 0 0 0 0 0 0 0 0 0 0 0 0 0 0 0 0 0 0 0 0 0 0 0 0]
[0 0 0 0 0 0 0 0 0 0 0 0 0 0 0 0 0 0 0 0 0 0 0 0 0 0 0 0 0 0 0 0 0 0 0 0 0 0 0 0 0 0 0 0 0 0 0 0 0 0 0 0 0 0 0 0 0 4093 0 0 0 0 0 0 0 0 0 0 0 0 0 0 0 0 0 0 0 0 0 0 0 0 0 0 0 0 0 0 0 0 0 0 0 0 0 0 0 0 0 0 0 0 0 0 0 0 0 0 0 0 0 0 0 0 0 0 0 0 0 0]
[0 0 0 0 0 0 0 0 0 0 0 0 0 0 0 0 0 0 0 0 0 0 0 0 0 0 0 0 0 0 0 0 0 0 0 0 0 0 0 0 0 0 0 0 0 0 0 0 0 0 0 0 0 0 0 0 0 0 4093 0 0 0 0 0 0 0 0 0 0 0 0 0 0 0 0 0 0 0 0 0 0 0 0 0 0 0 0 0 0 0 0 0 0 0 0 0 0 0 0 0 0 0 0 0 0 0 0 0 0 0 0 0 0 0 0 0 0 0 0 0]
[0 0 0 0 0 0 0 0 0 0 0 0 0 0 0 0 0 0 0 0 0 0 0 0 0 0 0 0 0 0 0 0 0 0 0 0 0 0 0 0 0 0 0 0 0 0 0 0 0 0 0 0 0 0 0 0 0 0 0 4093 0 0 0 0 0 0 0 0 0 0 0 0 0 0 0 0 0 0 0 0 0 0 0 0 0 0 0 0 0 0 0 0 0 0 0 0 0 0 0 0 0 0 0 0 0 0 0 0 0 0 0 0 0 0 0 0 0 0 0 0]
[0 0 0 0 0 0 0 0 0 0 0 0 0 0 0 0 0 0 0 0 0 0 0 0 0 0 0 0 0 0 0 0 0 0 0 0 0 0 0 0 0 0 0 0 0 0 0 0 0 0 0 0 0 0 0 0 0 0 0 0 4093 0 0 0 0 0 0 0 0 0 0 0 0 0 0 0 0 0 0 0 0 0 0 0 0 0 0 0 0 0 0 0 0 0 0 0 0 0 0 0 0 0 0 0 0 0 0 0 0 0 0 0 0 0 0 0 0 0 0 0]
[0 0 0 0 0 0 0 0 0 0 0 0 0 0 0 0 0 0 0 0 0 0 0 0 0 0 0 0 0 0 0 0 0 0 0 0 0 0 0 0 0 0 0 0 0 0 0 0 0 0 0 0 0 0 0 0 0 0 0 0 0 4093 0 0 0 0 0 0 0 0 0 0 0 0 0 0 0 0 0 0 0 0 0 0 0 0 0 0 0 0 0 0 0 0 0 0 0 0 0 0 0 0 0 0 0 0 0 0 0 0 0 0 0 0 0 0 0 0 0 0]
[0 0 0 0 0 0 0 0 0 0 0 0 0 0 0 0 0 0 0 0 0 0 0 0 0 0 0 0 0 0 0 0 0 0 0 0 0 0 0 0 0 0 0 0 0 0 0 0 0 0 0 0 0 0 0 0 0 0 0 0 0 0 4093 0 0 0 0 0 0 0 0 0 0 0 0 0 0 0 0 0 0 0 0 0 0 0 0 0 0 0 0 0 0 0 0 0 0 0 0 0 0 0 0 0 0 0 0 0 0 0 0 0 0 0 0 0 0 0 0 0]
[0 0 0 0 0 0 0 0 0 0 0 0 0 0 0 0 0 0 0 0 0 0 0 0 0 0 0 0 0 0 0 0 0 0 0 0 0 0 0 0 0 0 0 0 0 0 0 0 0 0 0 0 0 0 0 0 0 0 0 0 0 0 0 4093 0 0 0 0 0 0 0 0 0 0 0 0 0 0 0 0 0 0 0 0 0 0 0 0 0 0 0 0 0 0 0 0 0 0 0 0 0 0 0 0 0 0 0 0 0 0 0 0 0 0 0 0 0 0 0 0]
[0 0 0 0 0 0 0 0 0 0 0 0 0 0 0 0 0 0 0 0 0 0 0 0 0 0 0 0 0 0 0 0 0 0 0 0 0 0 0 0 0 0 0 0 0 0 0 0 0 0 0 0 0 0 0 0 0 0 0 0 0 0 0 0 4093 0 0 0 0 0 0 0 0 0 0 0 0 0 0 0 0 0 0 0 0 0 0 0 0 0 0 0 0 0 0 0 0 0 0 0 0 0 0 0 0 0 0 0 0 0 0 0 0 0 0 0 0 0 0 0]
[0 0 0 0 0 0 0 0 0 0 0 0 0 0 0 0 0 0 0 0 0 0 0 0 0 0 0 0 0 0 0 0 0 0 0 0 0 0 0 0 0 0 0 0 0 0 0 0 0 0 0 0 0 0 0 0 0 0 0 0 0 0 0 0 0 4093 0 0 0 0 0 0 0 0 0 0 0 0 0 0 0 0 0 0 0 0 0 0 0 0 0 0 0 0 0 0 0 0 0 0 0 0 0 0 0 0 0 0 0 0 0 0 0 0 0 0 0 0 0 0]
[0 0 0 0 0 0 0 0 0 0 0 0 0 0 0 0 0 0 0 0 0 0 0 0 0 0 0 0 0 0 0 0 0 0 0 0 0 0 0 0 0 0 0 0 0 0 0 0 0 0 0 0 0 0 0 0 0 0 0 0 0 0 0 0 0 0 4093 0 0 0 0 0 0 0 0 0 0 0 0 0 0 0 0 0 0 0 0 0 0 0 0 0 0 0 0 0 0 0 0 0 0 0 0 0 0 0 0 0 0 0 0 0 0 0 0 0 0 0 0 0]
[0 0 0 0 0 0 0 0 0 0 0 0 0 0 0 0 0 0 0 0 0 0 0 0 0 0 0 0 0 0 0 0 0 0 0 0 0 0 0 0 0 0 0 0 0 0 0 0 0 0 0 0 0 0 0 0 0 0 0 0 0 0 0 0 0 0 0 4093 0 0 0 0 0 0 0 0 0 0 0 0 0 0 0 0 0 0 0 0 0 0 0 0 0 0 0 0 0 0 0 0 0 0 0 0 0 0 0 0 0 0 0 0 0 0 0 0 0 0 0 0]
[0 0 0 0 0 0 0 0 0 0 0 0 0 0 0 0 0 0 0 0 0 0 0 0 0 0 0 0 0 0 0 0 0 0 0 0 0 0 0 0 0 0 0 0 0 0 0 0 0 0 0 0 0 0 0 0 0 0 0 0 0 0 0 0 0 0 0 0 4093 0 0 0 0 0 0 0 0 0 0 0 0 0 0 0 0 0 0 0 0 0 0 0 0 0 0 0 0 0 0 0 0 0 0 0 0 0 0 0 0 0 0 0 0 0 0 0 0 0 0 0]
[0 0 0 0 0 0 0 0 0 0 0 0 0 0 0 0 0 0 0 0 0 0 0 0 0 0 0 0 0 0 0 0 0 0 0 0 0 0 0 0 0 0 0 0 0 0 0 0 0 0 0 0 0 0 0 0 0 0 0 0 0 0 0 0 0 0 0 0 0 4093 0 0 0 0 0 0 0 0 0 0 0 0 0 0 0 0 0 0 0 0 0 0 0 0 0 0 0 0 0 0 0 0 0 0 0 0 0 0 0 0 0 0 0 0 0 0 0 0 0 0]
[0 0 0 0 0 0 0 0 0 0 0 0 0 0 0 0 0 0 0 0 0 0 0 0 0 0 0 0 0 0 0 0 0 0 0 0 0 0 0 0 0 0 0 0 0 0 0 0 0 0 0 0 0 0 0 0 0 0 0 0 0 0 0 0 0 0 0 0 0 0 4093 0 0 0 0 0 0 0 0 0 0 0 0 0 0 0 0 0 0 0 0 0 0 0 0 0 0 0 0 0 0 0 0 0 0 0 0 0 0 0 0 0 0 0 0 0 0 0 0 0]
[0 0 0 0 0 0 0 0 0 0 0 0 0 0 0 0 0 0 0 0 0 0 0 0 0 0 0 0 0 0 0 0 0 0 0 0 0 0 0 0 0 0 0 0 0 0 0 0 0 0 0 0 0 0 0 0 0 0 0 0 0 0 0 0 0 0 0 0 0 0 0 4093 0 0 0 0 0 0 0 0 0 0 0 0 0 0 0 0 0 0 0 0 0 0 0 0 0 0 0 0 0 0 0 0 0 0 0 0 0 0 0 0 0 0 0 0 0 0 0 0]
[0 0 0 0 0 0 0 0 0 0 0 0 0 0 0 0 0 0 0 0 0 0 0 0 0 0 0 0 0 0 0 0 0 0 0 0 0 0 0 0 0 0 0 0 0 0 0 0 0 0 0 0 0 0 0 0 0 0 0 0 0 0 0 0 0 0 0 0 0 0 0 0 4093 0 0 0 0 0 0 0 0 0 0 0 0 0 0 0 0 0 0 0 0 0 0 0 0 0 0 0 0 0 0 0 0 0 0 0 0 0 0 0 0 0 0 0 0 0 0 0]
[0 0 0 0 0 0 0 0 0 0 0 0 0 0 0 0 0 0 0 0 0 0 0 0 0 0 0 0 0 0 0 0 0 0 0 0 0 0 0 0 0 0 0 0 0 0 0 0 0 0 0 0 0 0 0 0 0 0 0 0 0 0 0 0 0 0 0 0 0 0 0 0 0 4093 0 0 0 0 0 0 0 0 0 0 0 0 0 0 0 0 0 0 0 0 0 0 0 0 0 0 0 0 0 0 0 0 0 0 0 0 0 0 0 0 0 0 0 0 0 0]
[0 0 0 0 0 0 0 0 0 0 0 0 0 0 0 0 0 0 0 0 0 0 0 0 0 0 0 0 0 0 0 0 0 0 0 0 0 0 0 0 0 0 0 0 0 0 0 0 0 0 0 0 0 0 0 0 0 0 0 0 0 0 0 0 0 0 0 0 0 0 0 0 0 0 4093 0 0 0 0 0 0 0 0 0 0 0 0 0 0 0 0 0 0 0 0 0 0 0 0 0 0 0 0 0 0 0 0 0 0 0 0 0 0 0 0 0 0 0 0 0]
[0 0 0 0 0 0 0 0 0 0 0 0 0 0 0 0 0 0 0 0 0 0 0 0 0 0 0 0 0 0 0 0 0 0 0 0 0 0 0 0 0 0 0 0 0 0 0 0 0 0 0 0 0 0 0 0 0 0 0 0 0 0 0 0 0 0 0 0 0 0 0 0 0 0 0 4093 0 0 0 0 0 0 0 0 0 0 0 0 0 0 0 0 0 0 0 0 0 0 0 0 0 0 0 0 0 0 0 0 0 0 0 0 0 0 0 0 0 0 0 0]
[0 0 0 0 0 0 0 0 0 0 0 0 0 0 0 0 0 0 0 0 0 0 0 0 0 0 0 0 0 0 0 0 0 0 0 0 0 0 0 0 0 0 0 0 0 0 0 0 0 0 0 0 0 0 0 0 0 0 0 0 0 0 0 0 0 0 0 0 0 0 0 0 0 0 0 0 4093 0 0 0 0 0 0 0 0 0 0 0 0 0 0 0 0 0 0 0 0 0 0 0 0 0 0 0 0 0 0 0 0 0 0 0 0 0 0 0 0 0 0 0]
[0 0 0 0 0 0 0 0 0 0 0 0 0 0 0 0 0 0 0 0 0 0 0 0 0 0 0 0 0 0 0 0 0 0 0 0 0 0 0 0 0 0 0 0 0 0 0 0 0 0 0 0 0 0 0 0 0 0 0 0 0 0 0 0 0 0 0 0 0 0 0 0 0 0 0 0 0 4093 0 0 0 0 0 0 0 0 0 0 0 0 0 0 0 0 0 0 0 0 0 0 0 0 0 0 0 0 0 0 0 0 0 0 0 0 0 0 0 0 0 0]
[0 0 0 0 0 0 0 0 0 0 0 0 0 0 0 0 0 0 0 0 0 0 0 0 0 0 0 0 0 0 0 0 0 0 0 0 0 0 0 0 0 0 0 0 0 0 0 0 0 0 0 0 0 0 0 0 0 0 0 0 0 0 0 0 0 0 0 0 0 0 0 0 0 0 0 0 0 0 4093 0 0 0 0 0 0 0 0 0 0 0 0 0 0 0 0 0 0 0 0 0 0 0 0 0 0 0 0 0 0 0 0 0 0 0 0 0 0 0 0 0]
[0 0 0 0 0 0 0 0 0 0 0 0 0 0 0 0 0 0 0 0 0 0 0 0 0 0 0 0 0 0 0 0 0 0 0 0 0 0 0 0 0 0 0 0 0 0 0 0 0 0 0 0 0 0 0 0 0 0 0 0 0 0 0 0 0 0 0 0 0 0 0 0 0 0 0 0 0 0 0 4093 0 0 0 0 0 0 0 0 0 0 0 0 0 0 0 0 0 0 0 0 0 0 0 0 0 0 0 0 0 0 0 0 0 0 0 0 0 0 0 0]
[0 0 0 0 0 0 0 0 0 0 0 0 0 0 0 0 0 0 0 0 0 0 0 0 0 0 0 0 0 0 0 0 0 0 0 0 0 0 0 0 0 0 0 0 0 0 0 0 0 0 0 0 0 0 0 0 0 0 0 0 0 0 0 0 0 0 0 0 0 0 0 0 0 0 0 0 0 0 0 0 4093 0 0 0 0 0 0 0 0 0 0 0 0 0 0 0 0 0 0 0 0 0 0 0 0 0 0 0 0 0 0 0 0 0 0 0 0 0 0 0]
[0 0 0 0 0 0 0 0 0 0 0 0 0 0 0 0 0 0 0 0 0 0 0 0 0 0 0 0 0 0 0 0 0 0 0 0 0 0 0 0 0 0 0 0 0 0 0 0 0 0 0 0 0 0 0 0 0 0 0 0 0 0 0 0 0 0 0 0 0 0 0 0 0 0 0 0 0 0 0 0 0 4093 0 0 0 0 0 0 0 0 0 0 0 0 0 0 0 0 0 0 0 0 0 0 0 0 0 0 0 0 0 0 0 0 0 0 0 0 0 0]
[0 0 0 0 0 0 0 0 0 0 0 0 0 0 0 0 0 0 0 0 0 0 0 0 0 0 0 0 0 0 0 0 0 0 0 0 0 0 0 0 0 0 0 0 0 0 0 0 0 0 0 0 0 0 0 0 0 0 0 0 0 0 0 0 0 0 0 0 0 0 0 0 0 0 0 0 0 0 0 0 0 0 4093 0 0 0 0 0 0 0 0 0 0 0 0 0 0 0 0 0 0 0 0 0 0 0 0 0 0 0 0 0 0 0 0 0 0 0 0 0]
[0 0 0 0 0 0 0 0 0 0 0 0 0 0 0 0 0 0 0 0 0 0 0 0 0 0 0 0 0 0 0 0 0 0 0 0 0 0 0 0 0 0 0 0 0 0 0 0 0 0 0 0 0 0 0 0 0 0 0 0 0 0 0 0 0 0 0 0 0 0 0 0 0 0 0 0 0 0 0 0 0 0 0 4093 0 0 0 0 0 0 0 0 0 0 0 0 0 0 0 0 0 0 0 0 0 0 0 0 0 0 0 0 0 0 0 0 0 0 0 0]
[0 0 0 0 0 0 0 0 0 0 0 0 0 0 0 0 0 0 0 0 0 0 0 0 0 0 0 0 0 0 0 0 0 0 0 0 0 0 0 0 0 0 0 0 0 0 0 0 0 0 0 0 0 0 0 0 0 0 0 0 0 0 0 0 0 0 0 0 0 0 0 0 0 0 0 0 0 0 0 0 0 0 0 0 4093 0 0 0 0 0 0 0 0 0 0 0 0 0 0 0 0 0 0 0 0 0 0 0 0 0 0 0 0 0 0 0 0 0 0 0]
[0 0 0 0 0 0 0 0 0 0 0 0 0 0 0 0 0 0 0 0 0 0 0 0 0 0 0 0 0 0 0 0 0 0 0 0 0 0 0 0 0 0 0 0 0 0 0 0 0 0 0 0 0 0 0 0 0 0 0 0 0 0 0 0 0 0 0 0 0 0 0 0 0 0 0 0 0 0 0 0 0 0 0 0 0 4093 0 0 0 0 0 0 0 0 0 0 0 0 0 0 0 0 0 0 0 0 0 0 0 0 0 0 0 0 0 0 0 0 0 0]
[0 0 0 0 0 0 0 0 0 0 0 0 0 0 0 0 0 0 0 0 0 0 0 0 0 0 0 0 0 0 0 0 0 0 0 0 0 0 0 0 0 0 0 0 0 0 0 0 0 0 0 0 0 0 0 0 0 0 0 0 0 0 0 0 0 0 0 0 0 0 0 0 0 0 0 0 0 0 0 0 0 0 0 0 0 0 4093 0 0 0 0 0 0 0 0 0 0 0 0 0 0 0 0 0 0 0 0 0 0 0 0 0 0 0 0 0 0 0 0 0]
[0 0 0 0 0 0 0 0 0 0 0 0 0 0 0 0 0 0 0 0 0 0 0 0 0 0 0 0 0 0 0 0 0 0 0 0 0 0 0 0 0 0 0 0 0 0 0 0 0 0 0 0 0 0 0 0 0 0 0 0 0 0 0 0 0 0 0 0 0 0 0 0 0 0 0 0 0 0 0 0 0 0 0 0 0 0 0 4093 0 0 0 0 0 0 0 0 0 0 0 0 0 0 0 0 0 0 0 0 0 0 0 0 0 0 0 0 0 0 0 0]
[0 0 0 0 0 0 0 0 0 0 0 0 0 0 0 0 0 0 0 0 0 0 0 0 0 0 0 0 0 0 0 0 0 0 0 0 0 0 0 0 0 0 0 0 0 0 0 0 0 0 0 0 0 0 0 0 0 0 0 0 0 0 0 0 0 0 0 0 0 0 0 0 0 0 0 0 0 0 0 0 0 0 0 0 0 0 0 0 4093 0 0 0 0 0 0 0 0 0 0 0 0 0 0 0 0 0 0 0 0 0 0 0 0 0 0 0 0 0 0 0]
[0 0 0 0 0 0 0 0 0 0 0 0 0 0 0 0 0 0 0 0 0 0 0 0 0 0 0 0 0 0 0 0 0 0 0 0 0 0 0 0 0 0 0 0 0 0 0 0 0 0 0 0 0 0 0 0 0 0 0 0 0 0 0 0 0 0 0 0 0 0 0 0 0 0 0 0 0 0 0 0 0 0 0 0 0 0 0 0 0 4093 0 0 0 0 0 0 0 0 0 0 0 0 0 0 0 0 0 0 0 0 0 0 0 0 0 0 0 0 0 0]
[0 0 0 0 0 0 0 0 0 0 0 0 0 0 0 0 0 0 0 0 0 0 0 0 0 0 0 0 0 0 0 0 0 0 0 0 0 0 0 0 0 0 0 0 0 0 0 0 0 0 0 0 0 0 0 0 0 0 0 0 0 0 0 0 0 0 0 0 0 0 0 0 0 0 0 0 0 0 0 0 0 0 0 0 0 0 0 0 0 0 4093 0 0 0 0 0 0 0 0 0 0 0 0 0 0 0 0 0 0 0 0 0 0 0 0 0 0 0 0 0]
[0 0 0 0 0 0 0 0 0 0 0 0 0 0 0 0 0 0 0 0 0 0 0 0 0 0 0 0 0 0 0 0 0 0 0 0 0 0 0 0 0 0 0 0 0 0 0 0 0 0 0 0 0 0 0 0 0 0 0 0 0 0 0 0 0 0 0 0 0 0 0 0 0 0 0 0 0 0 0 0 0 0 0 0 0 0 0 0 0 0 0 4093 0 0 0 0 0 0 0 0 0 0 0 0 0 0 0 0 0 0 0 0 0 0 0 0 0 0 0 0]
[0 0 0 0 0 0 0 0 0 0 0 0 0 0 0 0 0 0 0 0 0 0 0 0 0 0 0 0 0 0 0 0 0 0 0 0 0 0 0 0 0 0 0 0 0 0 0 0 0 0 0 0 0 0 0 0 0 0 0 0 0 0 0 0 0 0 0 0 0 0 0 0 0 0 0 0 0 0 0 0 0 0 0 0 0 0 0 0 0 0 0 0 4093 0 0 0 0 0 0 0 0 0 0 0 0 0 0 0 0 0 0 0 0 0 0 0 0 0 0 0]
[0 0 0 0 0 0 0 0 0 0 0 0 0 0 0 0 0 0 0 0 0 0 0 0 0 0 0 0 0 0 0 0 0 0 0 0 0 0 0 0 0 0 0 0 0 0 0 0 0 0 0 0 0 0 0 0 0 0 0 0 0 0 0 0 0 0 0 0 0 0 0 0 0 0 0 0 0 0 0 0 0 0 0 0 0 0 0 0 0 0 0 0 0 4093 0 0 0 0 0 0 0 0 0 0 0 0 0 0 0 0 0 0 0 0 0 0 0 0 0 0]
[0 0 0 0 0 0 0 0 0 0 0 0 0 0 0 0 0 0 0 0 0 0 0 0 0 0 0 0 0 0 0 0 0 0 0 0 0 0 0 0 0 0 0 0 0 0 0 0 0 0 0 0 0 0 0 0 0 0 0 0 0 0 0 0 0 0 0 0 0 0 0 0 0 0 0 0 0 0 0 0 0 0 0 0 0 0 0 0 0 0 0 0 0 0 4093 0 0 0 0 0 0 0 0 0 0 0 0 0 0 0 0 0 0 0 0 0 0 0 0 0]
[0 0 0 0 0 0 0 0 0 0 0 0 0 0 0 0 0 0 0 0 0 0 0 0 0 0 0 0 0 0 0 0 0 0 0 0 0 0 0 0 0 0 0 0 0 0 0 0 0 0 0 0 0 0 0 0 0 0 0 0 0 0 0 0 0 0 0 0 0 0 0 0 0 0 0 0 0 0 0 0 0 0 0 0 0 0 0 0 0 0 0 0 0 0 0 4093 0 0 0 0 0 0 0 0 0 0 0 0 0 0 0 0 0 0 0 0 0 0 0 0]
[0 0 0 0 0 0 0 0 0 0 0 0 0 0 0 0 0 0 0 0 0 0 0 0 0 0 0 0 0 0 0 0 0 0 0 0 0 0 0 0 0 0 0 0 0 0 0 0 0 0 0 0 0 0 0 0 0 0 0 0 0 0 0 0 0 0 0 0 0 0 0 0 0 0 0 0 0 0 0 0 0 0 0 0 0 0 0 0 0 0 0 0 0 0 0 0 4093 0 0 0 0 0 0 0 0 0 0 0 0 0 0 0 0 0 0 0 0 0 0 0]
[0 0 0 0 0 0 0 0 0 0 0 0 0 0 0 0 0 0 0 0 0 0 0 0 0 0 0 0 0 0 0 0 0 0 0 0 0 0 0 0 0 0 0 0 0 0 0 0 0 0 0 0 0 0 0 0 0 0 0 0 0 0 0 0 0 0 0 0 0 0 0 0 0 0 0 0 0 0 0 0 0 0 0 0 0 0 0 0 0 0 0 0 0 0 0 0 0 4093 0 0 0 0 0 0 0 0 0 0 0 0 0 0 0 0 0 0 0 0 0 0]
[0 0 0 0 0 0 0 0 0 0 0 0 0 0 0 0 0 0 0 0 0 0 0 0 0 0 0 0 0 0 0 0 0 0 0 0 0 0 0 0 0 0 0 0 0 0 0 0 0 0 0 0 0 0 0 0 0 0 0 0 0 0 0 0 0 0 0 0 0 0 0 0 0 0 0 0 0 0 0 0 0 0 0 0 0 0 0 0 0 0 0 0 0 0 0 0 0 0 4093 0 0 0 0 0 0 0 0 0 0 0 0 0 0 0 0 0 0 0 0 0]
[0 0 0 0 0 0 0 0 0 0 0 0 0 0 0 0 0 0 0 0 0 0 0 0 0 0 0 0 0 0 0 0 0 0 0 0 0 0 0 0 0 0 0 0 0 0 0 0 0 0 0 0 0 0 0 0 0 0 0 0 0 0 0 0 0 0 0 0 0 0 0 0 0 0 0 0 0 0 0 0 0 0 0 0 0 0 0 0 0 0 0 0 0 0 0 0 0 0 0 4093 0 0 0 0 0 0 0 0 0 0 0 0 0 0 0 0 0 0 0 0]
[0 0 0 0 0 0 0 0 0 0 0 0 0 0 0 0 0 0 0 0 0 0 0 0 0 0 0 0 0 0 0 0 0 0 0 0 0 0 0 0 0 0 0 0 0 0 0 0 0 0 0 0 0 0 0 0 0 0 0 0 0 0 0 0 0 0 0 0 0 0 0 0 0 0 0 0 0 0 0 0 0 0 0 0 0 0 0 0 0 0 0 0 0 0 0 0 0 0 0 0 4093 0 0 0 0 0 0 0 0 0 0 0 0 0 0 0 0 0 0 0]
[0 0 0 0 0 0 0 0 0 0 0 0 0 0 0 0 0 0 0 0 0 0 0 0 0 0 0 0 0 0 0 0 0 0 0 0 0 0 0 0 0 0 0 0 0 0 0 0 0 0 0 0 0 0 0 0 0 0 0 0 0 0 0 0 0 0 0 0 0 0 0 0 0 0 0 0 0 0 0 0 0 0 0 0 0 0 0 0 0 0 0 0 0 0 0 0 0 0 0 0 0 4093 0 0 0 0 0 0 0 0 0 0 0 0 0 0 0 0 0 0]
[0 0 0 0 0 0 0 0 0 0 0 0 0 0 0 0 0 0 0 0 0 0 0 0 0 0 0 0 0 0 0 0 0 0 0 0 0 0 0 0 0 0 0 0 0 0 0 0 0 0 0 0 0 0 0 0 0 0 0 0 0 0 0 0 0 0 0 0 0 0 0 0 0 0 0 0 0 0 0 0 0 0 0 0 0 0 0 0 0 0 0 0 0 0 0 0 0 0 0 0 0 0 4093 0 0 0 0 0 0 0 0 0 0 0 0 0 0 0 0 0]
[0 0 0 0 0 0 0 0 0 0 0 0 0 0 0 0 0 0 0 0 0 0 0 0 0 0 0 0 0 0 0 0 0 0 0 0 0 0 0 0 0 0 0 0 0 0 0 0 0 0 0 0 0 0 0 0 0 0 0 0 0 0 0 0 0 0 0 0 0 0 0 0 0 0 0 0 0 0 0 0 0 0 0 0 0 0 0 0 0 0 0 0 0 0 0 0 0 0 0 0 0 0 0 4093 0 0 0 0 0 0 0 0 0 0 0 0 0 0 0 0]
[0 0 0 0 0 0 0 0 0 0 0 0 0 0 0 0 0 0 0 0 0 0 0 0 0 0 0 0 0 0 0 0 0 0 0 0 0 0 0 0 0 0 0 0 0 0 0 0 0 0 0 0 0 0 0 0 0 0 0 0 0 0 0 0 0 0 0 0 0 0 0 0 0 0 0 0 0 0 0 0 0 0 0 0 0 0 0 0 0 0 0 0 0 0 0 0 0 0 0 0 0 0 0 0 4093 0 0 0 0 0 0 0 0 0 0 0 0 0 0 0]
[0 0 0 0 0 0 0 0 0 0 0 0 0 0 0 0 0 0 0 0 0 0 0 0 0 0 0 0 0 0 0 0 0 0 0 0 0 0 0 0 0 0 0 0 0 0 0 0 0 0 0 0 0 0 0 0 0 0 0 0 0 0 0 0 0 0 0 0 0 0 0 0 0 0 0 0 0 0 0 0 0 0 0 0 0 0 0 0 0 0 0 0 0 0 0 0 0 0 0 0 0 0 0 0 0 4093 0 0 0 0 0 0 0 0 0 0 0 0 0 0]
[0 0 0 0 0 0 0 0 0 0 0 0 0 0 0 0 0 0 0 0 0 0 0 0 0 0 0 0 0 0 0 0 0 0 0 0 0 0 0 0 0 0 0 0 0 0 0 0 0 0 0 0 0 0 0 0 0 0 0 0 0 0 0 0 0 0 0 0 0 0 0 0 0 0 0 0 0 0 0 0 0 0 0 0 0 0 0 0 0 0 0 0 0 0 0 0 0 0 0 0 0 0 0 0 0 0 4093 0 0 0 0 0 0 0 0 0 0 0 0 0]
[0 0 0 0 0 0 0 0 0 0 0 0 0 0 0 0 0 0 0 0 0 0 0 0 0 0 0 0 0 0 0 0 0 0 0 0 0 0 0 0 0 0 0 0 0 0 0 0 0 0 0 0 0 0 0 0 0 0 0 0 0 0 0 0 0 0 0 0 0 0 0 0 0 0 0 0 0 0 0 0 0 0 0 0 0 0 0 0 0 0 0 0 0 0 0 0 0 0 0 0 0 0 0 0 0 0 0 4093 0 0 0 0 0 0 0 0 0 0 0 0]
[0 0 0 0 0 0 0 0 0 0 0 0 0 0 0 0 0 0 0 0 0 0 0 0 0 0 0 0 0 0 0 0 0 0 0 0 0 0 0 0 0 0 0 0 0 0 0 0 0 0 0 0 0 0 0 0 0 0 0 0 0 0 0 0 0 0 0 0 0 0 0 0 0 0 0 0 0 0 0 0 0 0 0 0 0 0 0 0 0 0 0 0 0 0 0 0 0 0 0 0 0 0 0 0 0 0 0 0 4093 0 0 0 0 0 0 0 0 0 0 0]
[0 0 0 0 0 0 0 0 0 0 0 0 0 0 0 0 0 0 0 0 0 0 0 0 0 0 0 0 0 0 0 0 0 0 0 0 0 0 0 0 0 0 0 0 0 0 0 0 0 0 0 0 0 0 0 0 0 0 0 0 0 0 0 0 0 0 0 0 0 0 0 0 0 0 0 0 0 0 0 0 0 0 0 0 0 0 0 0 0 0 0 0 0 0 0 0 0 0 0 0 0 0 0 0 0 0 0 0 0 4093 0 0 0 0 0 0 0 0 0 0]
[0 0 0 0 0 0 0 0 0 0 0 0 0 0 0 0 0 0 0 0 0 0 0 0 0 0 0 0 0 0 0 0 0 0 0 0 0 0 0 0 0 0 0 0 0 0 0 0 0 0 0 0 0 0 0 0 0 0 0 0 0 0 0 0 0 0 0 0 0 0 0 0 0 0 0 0 0 0 0 0 0 0 0 0 0 0 0 0 0 0 0 0 0 0 0 0 0 0 0 0 0 0 0 0 0 0 0 0 0 0 4093 0 0 0 0 0 0 0 0 0]
[0 0 0 0 0 0 0 0 0 0 0 0 0 0 0 0 0 0 0 0 0 0 0 0 0 0 0 0 0 0 0 0 0 0 0 0 0 0 0 0 0 0 0 0 0 0 0 0 0 0 0 0 0 0 0 0 0 0 0 0 0 0 0 0 0 0 0 0 0 0 0 0 0 0 0 0 0 0 0 0 0 0 0 0 0 0 0 0 0 0 0 0 0 0 0 0 0 0 0 0 0 0 0 0 0 0 0 0 0 0 0 4093 0 0 0 0 0 0 0 0]
[0 0 0 0 0 0 0 0 0 0 0 0 0 0 0 0 0 0 0 0 0 0 0 0 0 0 0 0 0 0 0 0 0 0 0 0 0 0 0 0 0 0 0 0 0 0 0 0 0 0 0 0 0 0 0 0 0 0 0 0 0 0 0 0 0 0 0 0 0 0 0 0 0 0 0 0 0 0 0 0 0 0 0 0 0 0 0 0 0 0 0 0 0 0 0 0 0 0 0 0 0 0 0 0 0 0 0 0 0 0 0 0 4093 0 0 0 0 0 0 0]
[0 0 0 0 0 0 0 0 0 0 0 0 0 0 0 0 0 0 0 0 0 0 0 0 0 0 0 0 0 0 0 0 0 0 0 0 0 0 0 0 0 0 0 0 0 0 0 0 0 0 0 0 0 0 0 0 0 0 0 0 0 0 0 0 0 0 0 0 0 0 0 0 0 0 0 0 0 0 0 0 0 0 0 0 0 0 0 0 0 0 0 0 0 0 0 0 0 0 0 0 0 0 0 0 0 0 0 0 0 0 0 0 0 4093 0 0 0 0 0 0]
[0 0 0 0 0 0 0 0 0 0 0 0 0 0 0 0 0 0 0 0 0 0 0 0 0 0 0 0 0 0 0 0 0 0 0 0 0 0 0 0 0 0 0 0 0 0 0 0 0 0 0 0 0 0 0 0 0 0 0 0 0 0 0 0 0 0 0 0 0 0 0 0 0 0 0 0 0 0 0 0 0 0 0 0 0 0 0 0 0 0 0 0 0 0 0 0 0 0 0 0 0 0 0 0 0 0 0 0 0 0 0 0 0 0 4093 0 0 0 0 0]
[0 0 0 0 0 0 0 0 0 0 0 0 0 0 0 0 0 0 0 0 0 0 0 0 0 0 0 0 0 0 0 0 0 0 0 0 0 0 0 0 0 0 0 0 0 0 0 0 0 0 0 0 0 0 0 0 0 0 0 0 0 0 0 0 0 0 0 0 0 0 0 0 0 0 0 0 0 0 0 0 0 0 0 0 0 0 0 0 0 0 0 0 0 0 0 0 0 0 0 0 0 0 0 0 0 0 0 0 0 0 0 0 0 0 0 4093 0 0 0 0]
[0 0 0 0 0 0 0 0 0 0 0 0 0 0 0 0 0 0 0 0 0 0 0 0 0 0 0 0 0 0 0 0 0 0 0 0 0 0 0 0 0 0 0 0 0 0 0 0 0 0 0 0 0 0 0 0 0 0 0 0 0 0 0 0 0 0 0 0 0 0 0 0 0 0 0 0 0 0 0 0 0 0 0 0 0 0 0 0 0 0 0 0 0 0 0 0 0 0 0 0 0 0 0 0 0 0 0 0 0 0 0 0 0 0 0 0 4093 0 0 0]
[0 0 0 0 0 0 0 0 0 0 0 0 0 0 0 0 0 0 0 0 0 0 0 0 0 0 0 0 0 0 0 0 0 0 0 0 0 0 0 0 0 0 0 0 0 0 0 0 0 0 0 0 0 0 0 0 0 0 0 0 0 0 0 0 0 0 0 0 0 0 0 0 0 0 0 0 0 0 0 0 0 0 0 0 0 0 0 0 0 0 0 0 0 0 0 0 0 0 0 0 0 0 0 0 0 0 0 0 0 0 0 0 0 0 0 0 0 4093 0 0]
[0 0 0 0 0 0 0 0 0 0 0 0 0 0 0 0 0 0 0 0 0 0 0 0 0 0 0 0 0 0 0 0 0 0 0 0 0 0 0 0 0 0 0 0 0 0 0 0 0 0 0 0 0 0 0 0 0 0 0 0 0 0 0 0 0 0 0 0 0 0 0 0 0 0 0 0 0 0 0 0 0 0 0 0 0 0 0 0 0 0 0 0 0 0 0 0 0 0 0 0 0 0 0 0 0 0 0 0 0 0 0 0 0 0 0 0 0 0 4093 0]
[0 0 0 0 0 0 0 0 0 0 0 0 0 0 0 0 0 0 0 0 0 0 0 0 0 0 0 0 0 0 0 0 0 0 0 0 0 0 0 0 0 0 0 0 0 0 0 0 0 0 0 0 0 0 0 0 0 0 0 0 0 0 0 0 0 0 0 0 0 0 0 0 0 0 0 0 0 0 0 0 0 0 0 0 0 0 0 0 0 0 0 0 0 0 0 0 0 0 0 0 0 0 0 0 0 0 0 0 0 0 0 0 0 0 0 0 0 0 0 4093]
]