[[-15 -5 -17 8 -10 11 -4 21 -7 18 -4 -19 -38 -6 -28 17 5 14 27 3 6 -1 2 21 -1 -29 21 -20 22 13 -6 19 8 2 4 3 3 -2 -1 -3 3 9 1 -14 -9 -8 -11 -11 9 -32 24 -14 2 -9 15 44 20 4 21 11 -9 -12 9 33 5 13 -5 6 -2 -10 7 -1 -30 0 11 12 0 -33 0 -9 8 32 -5 -1 11 0 -23 -18 -33 -14 12 -6 4 -18 3 -9 4 14 -6 -17 -13 -13 9 -7 21 15 18 15 3 15 17 -10 -2 16 22 32 12 7 -5 -4]
[29 -1 -11 -8 -13 -23 -11 4 14 -8 -28 5 34 28 -10 17 38 -18 -20 -13 -24 2 -41 23 1 20 -31 -4 17 8 31 14 18 1 8 -8 -6 10 -32 -14 32 -10 24 19 -21 16 18 -1 -7 21 -9 -14 -2 -22 -1 22 -18 -9 -16 -19 37 0 -20 5 -1 10 11 -22 28 26 30 6 53 -7 1 -1 22 3 6 -2 -26 13 -14 14 -11 3 0 11 14 18 5 27 10 -3 -1 27 15 10 -21 -13 -7 9 0 -25 4 -17 3 -35 11 -16 7 22 -26 -14 -22 -18 -15 34 6 28]
[10 15 30 -1 4 -19 -15 -7 14 -20 -7 -8 29 48 -7 -17 25 -12 -39 11 -13 3 -9 23 -23 52 -32 14 16 -28 9 1 7 10 -17 -11 -7 6 2 -5 -2 1 12 25 -13 39 29 31 -24 1 -4 0 11 -42 1 3 40 5 15 -9 28 10 3 -7 -21 -22 -20 1 -14 -6 26 -11 40 4 -7 -38 -1 4 -5 -36 -8 -5 -5 -16 17 -20 -5 7 7 15 -2 40 -16 -4 0 18 20 10 3 -18 10 -4 1 -31 29 -22 -9 -33 19 1 -5 11 -7 -3 -16 -2 -22 26 21 22]
[-10 9 23 -14 2 -9 -7 -12 -4 -9 -19 -15 14 -3 -3 -21 -1 -25 -9 0 23 -5 18 12 -14 17 -24 1 -15 4 18 22 18 1 1 -2 14 -3 27 -12 17 -21 24 19 -2 29 18 5 -33 20 -37 -30 -1 -28 16 -3 36 -31 27 -21 7 0 6 -7 -5 41 -7 2 -7 26 14 -17 38 -3 8 -49 8 10 4 -1 46 -11 -17 16 -5 -20 -25 -2 -8 13 25 29 8 32 -1 0 -9 29 10 -2 -2 -20 -14 -9 13 -8 -4 3 1 -3 -9 10 -19 -13 6 -1 -7 11 -4 30]
[1 11 1 -20 0 -7 0 4 12 31 -32 -4 5 -9 -16 6 26 6 -3 28 6 -8 -3 -17 37 -18 2 -2 -7 28 17 -14 37 7 10 17 18 -3 -25 -34 22 1 12 3 -17 1 13 -22 17 11 -25 -7 4 -11 28 22 -17 -28 4 -34 -5 13 22 5 50 63 23 -24 15 27 27 -13 14 -10 -2 -24 -4 7 0 7 11 6 0 27 -16 -6 18 -14 4 -11 12 0 15 17 4 24 -12 48 -38 10 -28 -26 -6 -2 -7 17 20 3 0 11 12 18 -33 -13 3 -13 10 9 0 4]
[-34 1 34 -7 14 8 -1 3 -34 13 15 -32 5 0 -19 -30 -38 -4 -21 32 -3 16 18 9 -3 0 12 31 -4 18 -15 -28 8 2 7 13 50 -30 29 -9 -17 24 -17 5 -11 26 -11 5 10 -37 -24 2 -24 -9 12 -11 44 -11 14 1 -27 15 21 12 25 3 -27 34 -18 -16 2 -26 -4 34 -1 -27 -11 -7 -7 -30 24 -34 -9 -20 17 -24 -4 0 -19 -14 20 5 -13 27 -18 0 -20 29 -5 -6 6 -48 -6 23 13 9 -24 26 -6 28 -16 -17 -25 15 23 29 8 -5 9 24]
[-13 20 8 6 9 -39 34 -8 42 -21 -12 16 -22 17 15 -9 15 27 -19 59 5 15 17 -21 -22 41 -15 20 -6 -4 -5 -4 -9 9 -10 9 -18 27 -2 -1 -1 -12 1 -10 28 21 25 28 11 10 -7 4 26 0 8 -1 17 35 0 -12 0 -10 17 -20 9 -18 -29 -35 -22 -36 7 -2 -9 5 -17 11 -7 0 8 -10 -32 -2 5 6 16 1 9 -15 4 9 -8 -5 -22 -6 4 -23 -14 -2 21 7 -45 20 12 -42 32 -22 4 -16 5 1 -21 -5 10 22 -16 28 -9 6 16 -14]
[32 -11 -33 22 4 4 28 -9 1 15 -9 3 -29 -15 22 9 -10 -12 2 -11 8 35 17 -2 10 -27 0 -12 -23 15 -23 18 -20 -6 13 16 19 16 -25 18 18 -36 20 -11 2 14 11 -1 14 9 8 -3 6 -2 6 20 2 0 -22 -16 -3 -12 -11 5 19 35 0 -25 26 -15 -23 8 13 10 12 42 21 -28 3 6 -32 56 -27 22 7 12 -13 -21 -26 31 4 -3 37 -12 -22 0 9 15 -11 10 -28 1 6 -15 -5 3 7 6 -12 -8 -13 -13 0 29 -20 31 15 13 6 32]
[-31 1 6 -2 -1 34 -35 7 -25 -18 -3 7 5 23 -1 8 -23 -11 18 10 -7 -26 1 16 -3 21 -26 -7 25 -10 -6 -4 24 -2 9 -18 17 -11 29 -11 12 2 1 21 -15 8 -22 -8 -22 -20 -7 -25 -3 -7 14 -14 3 -2 24 13 19 -6 -10 3 -22 -1 7 33 28 33 54 3 7 2 -8 -15 -17 22 5 6 39 -31 10 -46 2 -11 -10 6 12 -11 -6 7 -8 11 13 -2 -18 7 -7 -2 9 -20 -7 22 -8 -7 5 23 10 22 13 23 -6 -8 -26 -43 1 -13 -3 2]
[20 -37 -4 13 -33 20 -9 12 0 24 -1 4 -18 9 -20 17 17 -2 17 -31 -8 -5 -52 33 30 -8 22 -11 8 -1 10 -3 11 -7 13 -2 28 6 -32 14 -26 -8 -23 31 -31 -27 -9 -43 19 -35 30 13 -3 -9 2 43 -20 -25 -26 13 2 2 -14 35 35 17 -10 -10 43 -11 0 -9 11 31 -1 24 -4 -11 -8 -10 -24 19 16 -2 11 11 27 12 2 -3 10 -6 16 -36 5 12 -5 11 -13 0 -8 -16 4 -4 -23 27 16 5 15 19 27 -11 -7 5 -26 -7 61 3 -2 9]
[22 -10 -21 -3 -10 5 31 0 23 -14 -8 28 6 41 19 -32 4 13 3 33 -22 7 -24 21 12 26 -19 1 23 -24 24 -19 15 28 8 -6 -11 24 -41 -15 11 -22 -23 13 -13 32 20 8 -2 -9 34 21 4 8 3 1 -14 34 -4 5 20 11 -11 -28 -1 -12 -6 -43 31 -29 33 -7 4 17 -31 7 -5 14 2 -4 -15 12 13 -39 12 -12 10 11 8 -4 8 7 7 -13 9 -14 -8 13 11 33 -24 27 20 -1 1 -18 19 -3 21 6 16 -4 25 13 -28 -17 3 -9 26 -6]
[-2 -1 6 23 -1 -39 19 -14 12 -13 34 -11 -7 26 -9 1 -6 -12 -27 -5 -7 16 -42 12 -23 27 -13 8 -15 29 -14 13 5 -13 9 3 12 6 -19 20 -31 7 1 27 -8 -17 13 19 24 17 -19 -3 -9 -9 2 -12 21 -2 -11 5 -13 -6 3 18 21 -41 -28 12 -29 -17 1 -7 7 28 -13 24 0 10 -6 -34 -28 -12 -1 16 14 7 23 -1 26 2 15 21 -30 -13 8 27 10 -14 5 -39 15 -13 -12 -9 38 3 -25 -2 22 29 -7 1 -14 -9 7 27 -3 3 -9 -17]
[-28 9 -3 -29 13 -49 7 -3 10 23 33 -24 11 -7 -22 -2 -8 7 -7 -2 4 8 -11 -40 -21 -5 -20 19 -22 61 -5 3 -4 6 20 -5 20 1 13 -35 14 4 19 -24 2 -6 -9 -1 23 17 -56 -23 -13 29 11 -15 -4 -9 -9 -32 -18 2 2 25 36 2 -7 -14 -30 16 4 -5 -20 -9 -2 15 1 9 4 10 -31 -32 -23 34 -38 -2 7 -12 2 -10 25 4 -17 28 -18 17 3 -20 14 -9 2 8 -14 12 15 14 -6 -8 9 3 -15 5 -34 2 17 25 -31 15 -47 -11]
[13 13 -15 -6 14 10 -5 3 7 4 13 -16 -6 29 -13 11 17 15 -21 7 -27 19 1 -16 10 14 -3 -4 43 -5 -30 -28 -12 4 -4 -27 24 -6 12 -11 13 19 -1 1 -7 40 -2 24 19 -38 7 -7 14 -23 -6 9 -5 12 2 -6 13 6 -10 20 -2 -29 -14 -1 9 -23 31 4 23 10 0 7 -15 -17 -4 -11 -44 13 -10 -37 -10 -5 8 -21 -4 7 -31 16 2 -35 -33 20 17 -10 -13 -7 2 -10 -5 -13 -4 -21 8 -14 0 48 2 26 11 49 -54 11 -7 28 1 33]
[-22 7 -8 -18 5 11 -20 11 12 17 31 -22 -37 19 -16 -11 17 38 10 17 6 -21 7 -11 17 -9 0 -4 27 -5 -9 -32 28 15 -2 24 9 10 18 -15 11 25 -38 -8 12 -1 -10 0 19 -28 36 16 21 27 31 22 15 18 19 -2 7 -4 8 1 0 -23 -22 -21 -32 -34 37 -6 -25 -6 -21 -10 -46 -1 2 -18 -1 -6 9 -56 6 -21 5 -9 -11 -28 -10 -20 -14 -26 0 -17 -7 17 9 17 -7 -14 3 10 -20 14 23 0 18 31 31 6 22 23 -3 5 -10 -9 -17 -25]
[18 2 -18 -4 7 8 39 -14 44 -13 12 9 -1 21 5 -37 17 -7 -6 -10 0 24 -28 -4 19 6 -6 -30 -20 -10 4 -17 0 26 17 25 -10 4 -22 0 -8 -23 -8 10 4 0 26 33 15 -1 24 9 27 15 -7 2 -18 -12 -15 -9 -9 -5 -8 -28 10 -28 -8 -46 7 -39 7 7 19 1 -25 26 -2 4 -2 2 -47 13 -18 -12 -3 6 23 0 3 18 1 8 17 -25 -13 -11 3 -17 14 -1 -12 19 2 -2 -35 -8 6 -17 26 5 19 0 36 37 -37 12 17 0 -6 -3]
[-6 -16 -15 19 -20 -9 -1 -1 8 -28 -35 34 -21 2 18 11 -23 -2 12 0 -3 3 13 11 -4 19 0 -4 1 -10 18 31 5 -17 16 -6 3 18 23 20 22 -26 -5 27 26 -2 -8 -27 -9 36 -15 -4 -7 14 5 -9 -29 7 -7 11 8 -21 -15 -23 -13 12 -3 -9 14 35 5 1 32 -2 12 -8 -20 40 3 22 23 -27 9 22 -9 10 -4 18 1 -2 0 14 3 25 23 -22 -42 1 30 5 -29 -4 6 -13 14 -11 25 27 -5 3 -7 -2 -2 -14 -12 -29 18 -26 -5 0]
[-15 7 -2 11 -15 16 -14 20 -24 10 -9 20 -8 -16 -13 23 -10 19 26 20 -1 12 -18 5 2 -6 20 -3 -8 -1 -17 12 -18 -11 4 -3 5 -11 -10 12 -7 15 8 9 -18 -51 -11 -6 7 -12 7 -9 14 -2 4 26 -16 -6 -20 20 -18 -4 -6 27 10 18 17 36 31 22 14 18 -19 0 21 33 4 -9 -7 -11 1 -12 -11 27 27 32 9 -3 20 -14 -5 -1 3 -9 19 14 11 5 -26 -28 3 -9 20 19 -8 29 1 -10 -14 -19 -9 12 -10 -15 1 -5 54 -9 3 -19]
[2 -8 -24 -18 9 9 -25 3 5 12 10 -18 22 31 -19 -20 3 -29 -28 -3 -46 10 -30 8 3 -13 2 -5 35 19 2 -36 12 14 16 -1 0 -20 -4 -48 13 24 -23 -9 -17 10 9 12 29 5 -4 13 -26 28 -19 -15 -10 2 -5 -5 0 18 9 -9 13 -19 1 -18 -4 -17 16 18 12 0 -24 -16 -5 26 -18 -1 -36 -3 -8 -15 -25 -18 18 23 -13 -25 4 40 -1 2 -29 19 -3 -15 2 3 -1 -10 -16 4 4 -8 3 4 21 29 27 5 -10 8 2 3 -35 19 -9 14]
[-3 -20 -14 19 -4 28 12 4 -6 -9 -9 29 -42 -28 29 20 -7 -24 26 -7 22 -6 21 -9 -3 -17 15 -8 -10 -23 -27 12 -13 -14 -14 2 2 5 14 13 7 -21 -17 -9 11 -10 -3 21 2 -22 13 -17 36 -3 -5 9 -5 -2 -14 21 3 -27 4 -14 0 24 -18 -11 19 -28 -3 20 -13 22 -4 28 0 -18 5 32 -5 31 12 -11 3 28 1 9 -1 12 -13 -28 19 -5 -4 -53 -14 -19 15 14 -26 12 11 -15 -40 -1 -5 27 -23 8 -12 4 47 30 -43 17 37 -20 1 15]
[-2 2 -9 -12 24 -9 32 -33 14 -1 25 -15 7 11 14 -51 -46 5 -11 -6 18 44 -8 -9 -6 7 -25 0 -37 20 -9 -27 -11 26 29 6 31 4 10 -8 14 -13 5 6 1 33 15 13 10 21 -13 6 -7 40 -3 -26 14 -5 -13 -17 -42 0 -24 -35 23 -4 3 -3 -8 -5 -11 -6 16 2 -11 8 2 27 3 -7 -9 -38 -28 13 8 0 -24 -5 17 6 24 28 3 14 -15 5 0 13 27 3 1 7 3 22 -1 -5 -3 -16 24 -10 -1 -15 4 15 2 21 2 -13 -13 -2]
[-14 6 -7 -18 11 -44 16 1 -13 12 26 -2 3 -10 -7 -25 8 17 -14 39 -5 8 -1 -13 -29 -4 -24 15 16 24 -2 3 1 3 -5 -3 -6 24 -28 -8 4 0 10 -31 -2 1 21 5 7 10 3 10 -21 4 2 -23 11 46 7 -2 -3 28 14 6 -1 -26 -19 -31 -35 -33 -1 4 -40 -3 0 6 19 -8 -5 -24 -11 24 -19 7 20 -21 -11 -15 2 12 20 8 -3 2 -20 8 10 23 10 25 4 12 -7 1 43 -3 -23 -5 7 -13 -13 -8 -16 -11 27 16 -48 10 4 -5]
[17 10 -25 11 9 7 4 -17 -17 36 31 -36 -41 3 20 -23 -53 39 24 -2 7 25 27 -16 9 -28 21 -10 -32 -7 -42 5 -21 -9 15 17 18 8 17 10 3 5 0 -12 -4 9 -22 -16 18 18 8 9 -6 12 39 3 21 12 13 0 -30 0 1 8 8 16 12 19 -11 11 -9 -8 -33 3 6 9 -16 -7 -3 -3 8 19 -19 5 15 4 -8 -45 -28 -34 -8 -5 4 -9 -7 21 17 3 -4 3 12 -13 2 42 11 31 28 17 -10 10 11 3 7 -3 23 16 -1 -27 -8 -24]
[-9 1 -14 -10 8 9 20 0 15 24 -2 18 5 -36 1 -18 -9 -18 26 5 16 1 38 -26 13 -53 8 -28 -24 16 5 14 29 19 1 24 1 -9 -16 -19 28 -6 10 -43 2 -24 9 -2 14 22 1 12 -4 34 10 -2 -12 1 14 -11 -19 9 18 -4 16 34 30 -24 -42 14 -6 -6 -36 -29 -1 -19 -21 -4 -12 7 20 15 -11 17 -34 -8 -15 2 -14 -8 22 -15 22 41 -1 -7 12 18 -14 3 18 6 2 25 -7 29 7 30 -7 10 -15 -20 11 -14 59 0 -15 -37 -16 -32]
[-16 -8 6 32 0 32 -8 -7 -8 -25 -12 6 -3 9 -3 1 -9 -21 -3 9 -17 10 5 11 3 28 0 -3 1 4 -9 -16 -23 2 6 -3 10 2 6 30 -31 -24 6 -2 1 18 -10 -20 -1 -34 16 16 -5 -1 2 7 12 4 -20 -10 14 -15 1 20 3 -5 -7 5 34 0 -5 -1 15 11 -4 26 17 -26 4 -1 -35 0 -1 -23 23 1 8 5 -28 24 -25 -10 15 -16 -16 -2 -16 -8 -11 -13 -17 -16 -9 -29 -27 -5 -2 4 -6 17 -1 -18 -10 36 -39 9 19 34 28 17]
[1 4 -33 40 12 -2 21 -19 21 -14 15 0 -43 8 2 -10 -1 1 9 2 -7 33 15 11 -19 18 10 -36 -5 -4 -27 39 -25 2 6 4 -21 21 -12 18 -34 -28 9 -4 13 -13 28 28 2 28 42 12 8 -10 -4 -5 30 33 12 -6 -9 -21 15 -9 -26 -23 -17 -16 -4 -22 -12 15 -18 -2 -4 21 9 -12 -5 -10 -22 36 -6 16 43 -1 -1 -28 -40 7 3 29 -2 -28 0 -3 9 -10 36 -21 -10 5 -6 -34 26 -5 22 22 10 4 -6 -3 29 28 -6 40 -11 25 5 -11]
[18 -10 4 -45 -23 12 -53 3 -37 23 7 -3 51 -6 -3 -22 14 -1 5 -32 -15 -25 -30 26 -11 16 -36 16 -10 -9 44 3 12 -17 9 -14 13 -4 20 -44 23 4 -8 9 -24 -18 -19 -32 -24 24 -16 -8 -38 15 -16 -7 -18 -14 -19 -11 33 15 -34 18 -21 32 -5 -5 40 27 8 7 32 20 9 -20 24 1 17 -8 14 -18 -19 -21 -20 -21 9 8 -5 -7 14 -9 2 19 -10 8 -1 5 7 30 12 19 -11 38 -40 8 -9 -23 1 -47 -4 27 -31 -31 -12 -34 -3 15 -30 40]
[-42 -1 -3 3 -6 -7 -5 14 -7 -4 21 -11 7 42 -36 -3 0 -4 -4 26 -34 -5 -12 31 -7 23 -13 14 21 6 24 2 25 26 23 14 6 8 20 -26 18 11 16 4 -15 23 -28 -2 -12 -26 -1 -7 -18 -6 25 16 10 22 -3 -2 24 -13 1 17 -10 -18 -33 -6 7 18 56 -19 -5 11 -11 16 3 -18 6 -18 -30 -18 -19 -46 1 -8 12 0 -42 -12 12 1 -20 18 12 -14 -3 -9 6 -24 -7 -6 18 8 9 5 17 -12 28 0 13 20 -18 27 -14 15 -20 22 -4 10]
[-36 14 18 -15 -13 -7 -3 -8 12 -3 -14 -21 -48 -25 1 -3 19 22 10 36 31 -13 23 0 -8 21 10 8 -5 15 4 14 4 -3 -5 13 -18 19 33 -1 -3 10 1 -7 30 -5 6 6 -13 24 -21 -19 3 1 13 15 26 -10 23 0 -3 -28 10 -3 -1 30 -17 -6 -3 -6 3 9 -14 -13 6 11 7 6 7 10 28 -13 -5 31 18 15 -9 -27 -4 -4 13 -17 -7 -8 7 -32 -19 10 0 12 -19 -6 -14 -10 3 -24 3 -24 -10 -21 -8 7 -7 -16 16 5 -1 14 -6 -10]
[-18 5 2 29 13 -18 15 -15 -9 -22 42 -1 12 2 4 9 -35 -18 -9 -5 -2 -2 4 -2 -26 -12 3 16 -10 19 -12 -7 -15 -6 -2 12 4 -28 0 23 -8 32 3 -15 21 -15 -26 -5 16 16 -16 23 -26 32 -18 -24 20 23 -19 8 -9 1 -3 13 -3 -62 -14 24 -51 2 -25 -1 -22 12 -8 35 3 -7 5 -27 -25 -15 1 -12 -10 7 9 2 -5 -9 -5 -14 -33 8 3 5 8 -43 -8 -21 19 8 10 10 25 7 -23 -3 -9 -2 5 -5 -11 5 39 29 -37 -11 -16 -26]
[5 5 -35 -2 9 -12 11 17 4 7 4 18 13 11 -13 24 1 0 -18 19 -31 2 -16 -19 21 -18 -24 0 18 59 1 -8 17 2 21 10 28 -11 -50 -28 26 19 3 -9 -9 -4 -3 -3 39 4 -24 -1 -21 22 -6 -8 -31 7 -19 -32 2 6 9 11 31 -23 25 -23 5 18 22 2 8 -1 -3 35 -21 3 -7 9 -43 2 -14 11 -25 3 17 -8 -4 -1 -4 -6 1 18 -15 27 -7 2 -47 -15 -6 0 -5 7 -2 -2 -6 19 -6 18 -12 12 -32 25 -3 -17 -27 8 -24 18]
[21 -2 -28 -1 5 5 45 2 16 -1 -3 30 -1 -34 14 9 10 40 1 14 -3 16 11 -26 11 -20 13 -7 18 1 18 -37 -21 7 -13 -17 -7 7 -44 -4 -11 7 -14 -11 18 1 6 -4 21 -11 35 30 10 28 -29 -3 -29 26 -20 -4 -18 1 3 -33 1 -6 14 -12 4 -7 -32 5 -21 -1 -3 11 1 -14 2 26 -5 7 14 9 7 10 -11 9 4 3 -15 -26 7 -13 -9 -15 -9 9 17 20 -24 30 22 -19 -12 -8 -1 0 -25 -9 -11 -11 30 28 0 10 18 -6 17 -7]
[-6 -6 2 -21 -14 -27 -4 -3 -27 0 -5 -4 25 -8 -6 -3 -28 11 21 -6 -2 10 -42 6 -38 25 -7 14 -12 31 14 10 -9 -6 23 -40 20 -9 -25 -8 -1 -32 16 21 -9 4 -8 -31 -10 20 -42 -11 -3 1 20 -5 3 -12 -8 -10 11 -2 -25 21 13 42 -1 12 37 48 28 -6 4 14 -5 11 38 24 15 17 22 -32 -6 35 7 0 -9 3 28 -7 27 26 2 4 1 25 -20 4 4 12 -15 -3 -13 9 12 17 -4 -11 -14 -12 3 9 -41 -28 -7 -7 -1 9 -7 -8]
[-18 -6 20 -31 -34 1 -23 7 10 -10 -27 -2 26 -6 -17 28 24 -10 32 -15 -5 -11 -17 22 2 14 -20 -23 -6 28 27 36 11 -18 32 14 14 -28 25 -8 -2 -30 15 6 1 -33 -28 -38 -7 1 -25 -51 -18 1 -6 18 -24 -38 11 -17 18 -15 -36 33 -14 9 13 -4 45 43 10 9 30 -5 8 13 23 -7 33 22 20 -33 -11 -1 -25 -12 -18 17 -21 3 26 -21 0 13 -1 -8 -16 -15 -5 -6 -4 7 -4 9 -19 -1 8 3 3 -41 -4 -14 -34 -5 1 -10 14 17 -13 15]
[-30 -3 26 -30 17 17 -18 7 -18 8 5 2 10 -8 -23 -6 5 -7 -15 19 28 -33 6 -15 9 -28 -14 10 16 3 11 -45 22 26 -2 -1 26 -26 33 -27 7 20 -16 10 -10 20 -8 -11 1 -54 -5 -17 1 -2 -20 -1 7 -23 23 3 -30 9 24 -11 17 -2 -11 5 -17 -15 17 -17 4 21 0 -39 -8 -3 -5 -10 21 -24 8 -42 -10 -14 -7 22 -4 -11 7 2 -2 29 -8 -16 -6 17 14 7 -12 -30 12 19 -19 -1 -13 10 15 12 14 1 1 28 -11 1 21 -13 -6 19]
[-8 1 6 9 -12 41 -7 4 -23 -17 -11 -5 0 5 -4 -52 -9 -13 21 -21 17 3 16 38 3 16 0 -4 1 -22 6 16 -9 1 -12 -15 9 -33 28 6 -11 -6 -28 32 -6 27 -1 27 -31 -27 9 -14 -8 -24 -1 -4 34 -24 25 0 3 -1 -8 4 -33 9 -33 5 26 -18 -1 2 43 15 18 -17 6 -10 12 -3 44 -1 -15 -38 8 -26 -7 12 -52 0 24 6 16 8 -3 -37 -24 21 19 -4 -4 -14 0 -6 -39 -15 3 35 -17 12 9 -3 31 32 -25 12 39 14 -13 51]
[8 -34 13 1 -12 -25 -27 4 -10 0 15 26 39 4 6 33 -10 -37 6 -59 -9 1 -22 -8 -28 9 -18 23 -19 6 -2 30 -15 -16 17 -14 29 -9 -21 21 2 -43 10 20 -2 -9 -19 -41 -1 14 -23 -11 -9 0 -9 0 -13 -23 -28 2 25 -5 -37 18 6 -2 -25 -11 16 26 2 16 23 24 1 39 2 11 4 12 -30 -1 -1 2 -19 11 9 46 4 24 28 -5 6 17 -14 11 -4 -20 21 6 4 -9 -6 -8 -22 18 -11 12 -6 -14 -17 -8 -20 -15 -35 -23 5 -3 -18 33]
[-12 -10 9 15 -14 -1 -30 -3 -28 -6 -2 -25 -13 -9 -22 10 -1 -26 16 -15 -10 9 -25 52 -24 11 14 -13 8 -18 -10 36 23 -29 -9 10 24 -19 2 25 -10 6 11 8 -19 -22 -7 11 -15 1 6 -10 -3 -43 8 16 19 0 11 17 23 -16 -2 25 -29 -10 -16 32 -9 17 24 1 15 12 15 -8 20 -24 8 -31 10 8 -13 0 31 7 -8 -16 -8 0 3 20 -5 -16 3 0 11 7 -26 -35 32 -12 -5 -3 17 15 -24 -13 -13 -12 7 12 -13 -6 14 26 -17 7 2 13]
[41 23 -14 5 0 9 -17 -17 31 2 -3 -30 -20 40 -8 -17 42 9 -21 -21 -4 10 -22 0 4 -2 13 -37 -1 -4 -3 -1 -9 0 22 21 -22 3 -32 3 -15 -2 -10 25 8 7 28 11 29 38 -5 16 24 -3 7 28 19 -19 9 -25 12 -14 20 -13 11 -20 3 -31 -5 -3 10 16 24 -10 -13 15 -8 22 -10 -11 -24 40 -18 13 7 3 19 -5 -19 -13 -17 24 8 -29 -19 37 16 -7 -15 -16 -22 -26 -23 -28 -9 -9 14 -19 17 19 43 14 -10 6 -15 2 -26 26 3 -16]
[12 4 -12 1 21 31 6 -23 7 14 42 -6 -4 10 16 -12 0 22 12 -23 11 -10 14 -17 25 -7 -4 -10 10 -36 -9 -33 3 16 2 -8 5 7 -4 -19 -7 4 -22 1 4 7 -5 17 -7 -15 38 26 37 14 10 -19 -5 24 -5 -1 2 2 -4 -31 -18 -9 17 -12 -4 -5 1 -6 -36 -25 -22 -14 -28 16 -3 4 20 0 20 -47 -1 -18 3 -5 12 -18 -19 5 2 -19 14 1 15 8 15 24 23 23 12 12 -25 9 24 5 25 9 41 14 40 19 -18 -16 -2 -12 -10 -36]
[42 13 29 4 -2 -22 14 -9 1 -1 -2 -27 32 8 -2 -11 5 -40 -59 -31 -16 11 4 15 20 11 15 1 -33 -11 9 5 19 -15 -9 30 23 -16 -16 10 -18 -4 17 46 -5 12 30 11 -14 34 -45 5 -6 -63 7 -6 22 -55 9 -29 15 19 18 -17 8 2 4 14 -28 21 -4 -36 76 23 1 -53 -11 1 -13 -16 -1 12 -3 17 -20 -15 31 -11 5 15 -8 19 0 19 2 35 8 8 -29 -26 28 -34 -27 -10 21 15 -17 -2 -9 17 -9 22 -23 -2 -1 10 -27 9 13 61]
[21 15 -19 6 10 29 -1 24 -4 -7 -12 13 5 2 20 6 -3 13 22 -15 16 0 -6 13 17 -26 -29 -26 -17 -24 5 31 6 -2 9 27 -23 13 9 8 43 -31 35 3 -9 2 -5 16 -40 -1 22 -40 25 -1 27 8 -14 -8 0 -13 9 -2 -20 -19 -38 7 12 5 38 10 7 17 23 -29 18 11 5 -18 31 21 12 22 -32 -8 -1 4 -26 -14 -5 28 -1 -11 16 -11 13 -16 -5 15 1 9 -24 21 14 15 -25 -2 11 -8 0 -43 0 11 24 6 -20 -12 11 -10 -10 18]
[-12 8 8 -10 7 -13 -27 15 17 15 -4 -17 10 28 -9 9 24 -9 -17 32 -35 5 -2 12 -5 -12 -6 -13 34 -2 10 -9 49 -4 -11 37 -19 -6 -12 -33 30 14 14 -13 -16 17 7 4 14 0 19 -10 7 -14 32 22 26 18 22 6 15 -3 23 -4 -12 4 -3 -17 -36 -1 34 15 -5 -25 -23 -38 -7 -22 -2 0 -4 30 -17 -12 4 -12 -10 1 -24 -20 0 14 -5 -20 -10 3 -1 26 -29 -6 -13 -7 1 -20 32 4 1 -9 4 9 13 -1 -5 -14 21 9 -27 -1 22 13]
[9 9 -11 18 -3 -7 -7 -6 17 17 30 36 -43 12 9 20 0 26 -8 18 2 7 -21 -25 20 5 -28 -18 -25 -16 -34 -9 11 -6 8 28 16 40 -15 10 -8 -22 5 30 -2 -51 4 -21 15 25 8 10 26 11 24 -8 -27 15 -19 -2 -3 -11 -4 -10 7 -15 -7 -29 3 1 26 5 6 3 -3 33 -29 12 3 -15 -52 8 -13 -2 20 21 43 -27 21 7 -26 -1 6 -30 16 16 6 10 -3 5 -21 -4 10 10 -12 35 19 -17 32 -14 0 20 1 21 -59 -18 31 -25 -17 -4]
[-2 -18 14 5 10 -13 -16 13 -13 -16 -21 2 34 10 1 10 12 -61 -36 -34 -11 8 -2 12 -28 2 -21 11 -20 11 10 32 -4 -25 4 41 -7 -1 3 22 5 -24 28 -10 10 -13 6 -1 -5 10 -7 -2 13 -7 -4 20 17 -14 -32 -4 28 -9 5 9 -1 -9 -8 -10 -18 -5 -22 10 37 -4 0 -3 18 -23 -8 0 -27 16 -30 26 5 -6 -12 23 -9 51 -15 1 15 14 -28 -1 -10 -10 -6 -31 -2 -8 -11 -19 -7 1 -46 -12 -2 -32 -22 -20 -35 -4 -1 11 -9 26 11 42]
[25 -4 6 -1 0 -20 10 -12 -2 -11 17 28 10 5 30 2 -7 12 8 -7 9 -6 -35 7 -16 24 2 17 -15 -15 16 17 -11 -5 -11 6 -7 -2 -6 1 4 -7 -8 7 5 -5 -4 0 0 21 26 4 10 7 -25 -6 0 23 -36 16 2 -9 -19 -9 -22 -14 -15 -14 5 -20 -13 -2 0 32 -18 24 23 -21 7 2 -21 -10 6 1 23 25 5 4 26 2 -13 -3 -16 -27 5 -23 4 -32 4 13 2 46 15 7 -23 -8 -13 -24 -11 -54 -22 11 32 5 -17 2 17 -15 -3 -2]
[20 -13 -8 16 -16 24 -36 5 -5 7 21 -7 -21 4 -13 35 4 -1 11 -37 -1 0 -12 18 8 -4 21 -13 33 -16 -22 30 -14 -13 -1 -31 33 -5 24 7 -7 3 -22 23 -1 -28 -6 6 0 -13 27 -1 22 -7 3 38 13 -5 -11 10 24 -12 -15 41 -13 1 -8 14 3 8 13 0 -2 17 5 -4 -31 -1 -11 -17 -3 -5 12 -6 -1 3 2 24 6 -22 -2 37 -1 -29 3 17 30 -19 11 -19 20 -19 10 2 -11 4 25 10 0 18 -5 13 15 10 -10 3 24 11 -14 -10]
[-9 -2 -7 -3 -12 -5 19 13 -6 12 -23 23 25 -18 -1 -4 0 12 27 -1 0 2 -11 -1 31 -28 27 -14 9 -12 22 17 15 22 -2 0 -14 -13 -40 -22 12 -9 14 0 -14 1 4 -16 -12 7 19 7 8 -21 18 4 -30 8 1 -3 -9 9 11 -27 -8 22 42 -24 14 43 13 -8 -24 -36 3 -13 15 -3 -8 43 15 11 0 34 -2 15 2 7 6 -17 1 15 20 22 28 -5 -9 24 -29 -1 -3 21 23 3 -14 15 22 7 -13 -38 25 9 13 -5 8 -24 -2 -13 7 -4]
[16 -11 12 35 -18 14 13 -10 -10 -13 27 20 -35 -28 32 11 -12 -9 -2 3 12 -1 10 17 -26 19 17 26 -7 -21 -9 28 -32 -24 -18 -1 7 17 -8 44 -47 -6 -22 12 20 -34 10 16 4 20 11 16 8 9 -21 4 32 10 -21 25 -1 -19 9 -2 -10 -10 -32 8 -15 -37 -38 2 -20 38 1 26 -5 -8 -25 -17 6 16 6 10 28 15 7 18 9 11 -4 -7 -3 -20 6 -18 7 -16 18 6 8 1 3 -16 7 4 -37 -3 -23 -6 -37 -9 18 -2 8 18 19 -7 6 -8]
[1 14 4 18 21 -4 12 -4 20 -5 -39 -6 8 33 21 15 5 -2 -16 16 2 33 51 -5 2 -8 -20 3 -11 -4 -29 0 -1 -5 4 35 3 -20 6 6 31 -11 33 -4 11 47 -3 13 11 -8 -3 -19 18 -31 20 10 27 10 18 -19 4 5 -3 -20 0 -4 7 1 13 6 1 8 29 -9 -3 5 -1 -8 19 -2 5 28 -14 -15 12 -18 -31 -17 -42 25 -9 -18 -5 12 -4 1 -12 29 -18 -8 -36 -21 21 -20 17 -16 17 18 9 -7 6 -3 -1 23 -9 19 -8 5 32 31]
[-17 -21 2 -30 -19 -41 1 -22 28 -4 -18 1 -35 -24 2 24 43 18 6 -12 32 -23 -14 -17 2 15 -39 7 -5 9 28 6 34 -7 2 4 4 35 26 -10 24 -15 11 13 19 23 -15 -23 -11 13 -29 -47 4 -14 6 -4 -36 -13 3 -9 7 -38 -19 -23 -1 25 -12 -37 15 18 7 -9 27 -6 7 9 16 18 21 41 1 -10 -1 14 -12 22 -9 -11 3 26 9 -23 -3 0 7 -33 -32 6 22 19 -19 22 -12 -24 -15 -26 10 -18 16 -23 12 18 1 7 -36 -24 7 -1 -22 25]
[11 -2 19 -20 -6 -18 -3 -8 -16 15 20 -42 6 10 2 -49 -24 37 -25 -15 15 1 -10 9 0 1 14 39 -10 -3 13 -26 22 -9 -1 0 16 -21 10 14 -16 49 -45 39 5 26 -10 2 5 12 -18 29 -19 -6 16 -11 23 -27 31 12 -29 14 3 -24 7 -5 -30 34 -48 1 -4 -35 37 17 8 -54 -22 38 -13 -26 67 -52 0 -2 9 -19 2 4 9 -32 19 11 -22 14 15 19 -15 34 14 -8 24 -50 6 47 7 13 -24 -11 -8 27 23 -5 -5 -42 38 -7 13 -38 -16 -14]
[26 -26 -18 -2 1 20 43 0 24 17 21 4 -18 -7 18 -33 -24 7 12 -35 13 11 16 -5 17 -17 16 7 -23 -14 -6 -1 -29 19 2 6 5 5 -10 3 -11 -4 -38 -13 17 -13 5 17 1 -7 15 42 16 37 -15 15 3 -8 -16 -5 -10 0 -16 -6 23 2 8 -25 0 -38 -41 -6 -21 7 -8 13 -28 6 -18 12 -23 9 9 3 -24 -2 10 -2 -1 -7 12 -19 17 -3 -4 -20 11 -28 16 18 7 41 14 21 -13 9 7 -1 -5 -2 -7 -38 28 22 -2 5 20 -23 -26 -7]
[9 21 -25 21 4 -13 21 2 12 -7 7 16 15 8 19 29 -23 -5 -5 -2 -8 11 -5 -15 24 -6 -26 2 0 45 16 14 1 1 24 -12 14 9 -8 -6 44 -7 40 34 -3 4 -1 -7 3 30 -32 -36 -13 15 5 -16 -35 -16 -22 -34 16 -3 -22 11 10 6 29 15 24 54 25 -7 41 -14 7 7 -4 17 -7 12 -10 -30 -14 16 -46 18 18 -7 24 -3 -11 20 5 18 12 34 13 -3 -24 -15 -3 -2 -4 13 1 -8 8 -3 -6 19 -16 39 -21 -13 -18 -28 -1 4 -26 -5]
[-27 -6 -13 -9 -14 23 -30 30 -17 1 -7 -4 13 33 -23 -19 -22 19 32 6 -22 10 -46 40 -12 12 -11 -6 16 0 17 6 -6 7 37 6 6 -8 1 -1 12 -7 -12 14 -25 -18 -16 -28 -2 -40 37 -14 -9 25 -1 37 -5 2 -9 17 0 -6 -27 43 5 -25 0 15 31 -21 38 10 -10 6 -5 20 -1 -11 -4 -30 -17 -20 -17 -37 21 -2 -6 16 -4 -24 3 6 9 -16 -1 0 -9 10 7 -18 -2 -5 2 21 -2 13 5 -2 25 6 24 -13 -17 -1 -9 -5 36 -1 2 -18]
[4 -12 11 7 -25 4 -2 -3 7 -16 5 24 -4 13 11 -20 -5 -17 -1 0 2 -8 -39 29 -47 33 -28 -6 9 -16 11 7 -11 6 -16 -46 -8 26 -15 7 -24 -34 5 21 -22 -7 20 7 -28 -15 1 -11 7 5 -8 -16 18 12 0 15 23 3 -6 13 -18 -9 -18 5 3 -19 13 -4 -16 16 -15 -2 7 8 -7 -3 -18 -3 -2 -7 7 3 -14 25 34 15 3 26 9 -26 -8 -11 10 -19 27 16 3 25 -14 -24 30 -8 -24 -16 22 12 -18 -10 8 -9 -18 -6 4 -1 5 -13]
[4 -4 21 -24 -8 -14 -20 -1 0 15 -12 11 28 19 5 -18 9 -16 -7 27 -16 -12 0 17 -19 22 -25 18 22 -29 19 20 17 1 4 -19 1 20 27 -33 20 4 5 -1 -22 2 16 5 -29 22 -2 -7 -4 -20 9 3 11 11 8 9 11 31 3 -10 -22 29 -10 -19 4 13 28 3 5 -11 -1 -64 -8 12 -24 -12 13 -7 -12 20 3 -20 -13 10 14 -5 18 52 7 21 -5 13 17 15 17 12 18 12 6 4 29 -11 6 -25 5 -22 -6 24 -13 -41 12 -32 -1 4 -7 12]
[33 -8 -23 13 24 10 -5 -8 -38 2 4 -22 -2 -23 22 13 -23 -38 -24 -43 6 -8 15 -8 31 -46 -7 -2 -39 29 -18 7 10 -26 0 33 3 -2 12 27 4 4 2 -8 -1 0 -15 14 5 33 -19 -6 -15 7 10 -14 -8 -22 -9 -14 -6 -24 19 -22 -7 25 41 23 0 37 -31 12 35 -3 14 -6 19 -6 14 38 25 11 -10 13 -14 6 -3 3 -11 2 -10 -17 19 25 -8 7 15 -9 -24 -20 4 -22 -14 29 -36 -2 -29 27 -30 -19 -17 -2 -11 -11 10 5 -22 -4 5 26]
[-13 -3 -11 -3 8 -10 6 2 -13 9 34 -32 -9 -18 10 4 -26 -22 6 -49 12 -5 6 -14 -9 -49 -4 -11 -23 3 -12 5 -10 -8 14 33 -15 2 10 7 -6 8 11 -25 14 -38 -18 25 1 2 6 -15 7 33 16 -13 -9 -17 -3 21 -9 -21 -5 -8 -7 -18 19 19 -38 -7 -19 23 -63 -32 -12 16 1 8 -5 24 -7 12 -13 1 -8 12 -17 22 16 1 3 -12 2 23 -8 -21 17 -28 23 -13 34 17 -1 33 0 4 -15 8 14 -24 21 -10 3 -28 39 5 -27 -26 -29 -39]
[-23 1 9 8 8 -24 -11 4 -13 -6 14 -21 -4 9 -39 -1 -6 -8 -14 -19 28 -15 -6 13 -14 -12 1 -1 5 41 8 15 19 28 -7 -7 -9 -7 3 22 -9 22 17 -1 2 4 2 -6 -9 -9 4 8 -10 -4 9 7 41 -1 28 1 -24 -4 12 15 -7 -18 11 26 -46 16 -2 -13 -4 -14 14 -10 1 -6 -8 -27 17 -16 2 16 12 -8 -34 1 6 -2 15 24 -18 5 25 10 24 8 -6 -46 17 -24 0 -2 32 5 -4 0 17 6 7 -24 -9 -10 48 17 -27 -2 -13 -25]
[30 -22 -50 35 10 -48 13 0 2 -14 2 -10 -12 16 10 60 7 -15 -26 -12 -38 9 -27 11 -5 3 -27 13 -3 41 -2 4 1 -34 9 25 3 24 -53 17 13 11 2 13 3 -18 -4 5 28 31 7 19 4 18 6 7 -17 21 -55 -24 35 -22 -6 5 18 -17 -3 3 15 16 0 15 24 14 -15 27 7 4 18 5 -44 2 17 20 11 15 20 -1 11 10 -11 -7 -15 -8 3 23 2 -5 1 -17 -22 8 7 -30 20 0 -9 -2 -11 -2 -4 19 -32 -11 0 16 -23 29 -4 -6]
[-27 -14 35 20 -16 -18 22 -3 20 -13 2 -1 -6 8 -2 23 14 -7 -5 15 -11 8 -21 24 -20 25 12 16 -10 5 2 4 3 -16 17 14 -2 -12 -4 14 -45 14 -11 3 0 -25 -9 15 25 -28 -13 -17 0 -15 -19 20 5 -1 -4 38 -13 -25 9 5 21 -24 -26 14 -1 -20 -8 7 -27 34 -10 41 11 -13 6 -27 -4 -16 17 4 15 25 14 0 10 -5 18 -21 -34 0 12 -14 3 -26 -1 -35 -15 -2 20 -12 29 -6 -31 -9 17 1 -5 -13 -17 -11 13 37 26 -5 16 -17]
[-2 -3 27 3 -12 12 8 -2 -29 1 25 10 -31 -24 23 -32 -5 34 8 15 38 -7 24 24 4 9 3 23 -6 -19 11 18 8 -10 -13 12 24 15 6 22 -2 -18 -21 22 12 20 7 1 -25 -14 14 5 5 -14 10 -10 30 18 8 5 1 9 5 -19 -20 10 -34 -19 -5 -36 -22 -24 0 30 8 -2 -18 -5 5 -17 61 0 6 -29 38 -23 -18 -2 -16 12 19 -21 -2 2 18 -43 -24 49 11 40 -6 -6 6 16 -8 6 -12 25 -7 -15 -22 -16 33 9 -3 7 21 -31 3 29]
[24 -25 12 -2 -2 -1 1 7 -5 -11 -16 22 20 -2 1 4 17 -19 -12 -8 -1 -4 0 27 4 3 -22 2 17 -26 41 24 31 -2 -1 2 10 12 -17 1 36 -25 16 11 -5 49 7 -3 -50 -6 6 3 -7 -34 2 6 10 13 -6 -3 43 -2 -15 -14 -32 24 -9 -21 3 15 6 -26 36 6 7 -26 11 -16 16 -4 16 27 -6 -8 17 -4 -30 23 -10 38 12 13 20 15 -4 -15 -2 22 -4 12 5 10 7 -13 -8 -23 -3 -1 -8 -19 -22 -11 7 3 -9 -26 -7 -11 23 50]
[25 -8 -26 16 -4 19 32 -15 15 21 13 1 -23 -14 0 -1 4 -3 8 -39 7 11 18 10 33 -37 46 -31 -24 -13 -11 6 11 11 17 20 17 -4 -5 -2 10 17 -22 -12 3 -19 5 18 24 18 17 27 3 8 -22 8 -20 -3 -16 -3 -23 -7 -9 -22 14 -1 18 -16 -7 -10 -26 -13 -10 1 6 19 -25 5 -16 -13 -2 18 7 -1 -16 20 6 -9 -5 -9 9 -14 13 14 19 -7 27 3 -14 -10 24 7 12 14 -17 21 22 15 18 7 6 1 25 11 19 14 0 -28 -19 -10]
[-10 6 -7 6 3 -4 3 -3 10 14 2 -15 -21 -18 -26 4 23 17 18 -17 24 -8 17 -2 8 -19 13 -29 13 -4 -3 -3 3 12 -23 -10 -5 16 -42 11 -24 11 28 1 -12 -11 19 -12 0 3 28 17 2 -16 2 17 13 -2 29 -12 -21 5 14 -1 -2 3 30 22 -28 26 -11 -12 -24 -38 24 -19 0 -7 -17 -6 27 24 10 31 21 -6 -23 -14 -3 -6 4 13 -7 -9 23 23 28 37 -11 -14 21 0 5 -23 37 29 20 -7 2 3 27 -8 -2 -13 36 7 -16 12 6 -29]
[25 12 4 5 -5 -10 17 -4 -2 -28 -27 1 -1 18 20 -4 -19 28 -21 29 -3 34 8 3 17 20 -13 22 10 -3 7 -24 -17 11 19 10 25 0 0 29 22 -16 -14 46 22 67 4 7 3 -3 -8 9 -2 3 12 1 -1 6 -14 -18 9 -10 -31 -29 -1 -4 -3 -16 34 -3 5 -18 59 11 2 1 4 29 13 -5 4 -24 -15 -19 29 -10 -19 32 -7 20 -5 19 12 8 -6 -1 -23 27 4 9 -30 -22 18 -10 -18 -35 11 -9 -9 -7 -2 -12 -5 28 -31 -12 15 -5 37 25]
[2 10 -14 3 32 13 47 -39 7 -13 33 -1 4 -20 30 -45 -18 -36 -34 16 3 31 29 -11 -15 -11 -18 -8 -43 11 -26 -23 -4 9 -7 39 -10 -9 -16 -13 -6 2 3 -9 17 4 31 60 6 53 -7 22 -20 28 -25 -56 26 14 -4 -12 -23 -3 10 -41 -7 -14 -13 3 -36 -47 -37 13 -3 19 -29 11 19 3 6 -12 -10 7 -18 -23 5 -17 3 13 -7 18 11 -8 -7 22 -14 -17 10 -6 24 4 18 10 -14 12 -2 -19 -35 13 3 -3 -29 -8 36 14 19 42 -27 -9 14 -2]
[9 -6 16 -13 -2 17 -25 -18 16 15 -20 20 12 -33 29 26 5 -12 6 -6 23 -29 16 -32 -7 -15 5 15 -29 -21 -1 -12 -8 -5 -21 -6 -17 2 36 -20 11 -5 15 -36 4 -20 -15 -29 -5 31 -21 1 3 20 -16 -5 -18 1 -19 -9 -1 0 3 -11 8 40 31 -2 4 30 -35 4 -12 -2 -6 -11 10 0 5 29 -15 -4 19 7 -33 19 2 19 17 -2 -27 -34 -6 16 13 -11 11 -33 0 17 -4 29 6 2 -26 8 5 -23 0 -36 -9 8 12 -15 -3 -11 -2 -18 2 -18]
[2 -26 3 4 3 -15 23 -3 -1 11 0 6 2 -1 8 -24 -24 -21 -6 -5 -9 28 6 -4 -11 -18 -4 -1 -34 2 -15 25 -32 5 38 17 15 6 10 -1 -21 -42 2 -28 -12 4 4 9 6 -23 -3 -16 -12 -6 -13 -6 2 -1 -1 -3 -31 4 13 -11 13 -12 2 -29 7 -22 -30 -3 -27 12 12 10 11 -20 -13 10 -41 17 -30 32 7 7 -11 -1 -35 9 19 13 18 39 -31 -9 13 -29 19 -6 -7 17 8 13 13 5 -11 23 9 -29 -28 -45 -8 20 5 22 4 -8 0 21]
[-11 21 -5 25 23 -5 23 -24 -11 -20 19 17 2 -1 39 -34 -53 -2 -17 31 -16 40 14 -28 -30 20 7 22 -33 1 -29 10 -40 2 2 -1 -31 7 6 30 -16 -21 29 -14 25 11 -2 21 -8 37 -18 9 -6 12 2 -55 4 39 -14 21 -15 -5 18 -8 -16 -28 -2 16 -8 -18 -15 25 -27 -6 -7 46 17 13 -7 4 -31 -2 -21 9 15 19 21 -13 6 8 -19 8 6 -5 -4 -4 -5 -33 1 -3 0 5 -25 13 31 -14 -12 5 -7 -1 -25 -4 3 -9 -5 2 -20 -14 19 -23]
[0 8 -8 6 9 -18 18 -6 15 -24 -30 14 16 -21 38 3 -22 -20 -6 11 4 9 10 -21 1 -3 -13 5 -33 29 4 -12 -2 -15 2 14 -26 -2 -13 5 16 -29 21 -24 22 3 6 -2 0 46 -28 -5 -18 34 6 -35 -17 5 -16 -14 -1 -9 -8 -23 4 21 23 -12 -4 9 -34 20 11 -27 -5 7 34 9 27 36 -6 2 -5 23 -21 8 -2 7 18 22 -5 -24 3 22 3 -12 -27 5 -8 20 -24 23 -9 -15 6 -12 -19 -3 -11 -25 -9 -20 -14 -18 15 4 -19 -1 15 -1]
[9 -16 -4 -22 -11 17 -11 27 0 8 -9 8 30 0 -17 3 19 8 -6 16 -44 27 -6 9 5 -6 33 5 39 -2 22 0 -34 8 13 -3 -20 -19 -11 -24 14 15 -6 -23 -1 -13 8 -1 5 -18 20 16 -9 23 -48 13 -18 15 -18 17 -2 25 -13 16 1 -6 23 -3 15 -27 -24 7 -16 -13 14 6 2 -8 -26 -6 -14 10 -13 26 -4 -4 -11 13 -17 -4 -7 20 17 -8 -16 17 18 -22 -5 10 16 23 9 17 14 9 3 -22 -4 -21 -27 -30 -8 1 33 -5 8 6 17 14]
[0 -3 -1 -4 -12 -27 41 -15 3 -36 -1 1 14 -39 28 2 -14 -15 5 23 -8 2 -9 -16 -3 -17 20 14 -10 28 16 8 -6 -22 3 10 -9 -22 6 1 18 2 -3 -22 22 21 -21 10 16 13 -41 -31 -19 7 0 -29 -29 1 -19 0 -5 2 3 -3 2 -9 0 -5 -12 3 -19 -6 -10 19 -11 16 28 -10 12 39 -1 -10 -3 15 -47 18 13 14 3 -9 -1 -14 -10 19 -9 -17 -21 -53 -8 13 1 33 -5 2 7 -23 -25 14 -44 10 -13 7 12 -4 36 22 -17 -14 6 -13]
[-11 22 0 4 11 13 -23 6 -10 -9 -6 0 11 2 -8 -17 -6 9 1 6 -10 -1 24 -7 21 15 3 -11 -31 -5 2 3 18 -3 4 29 -12 -9 18 3 13 12 -10 2 9 -32 -4 22 4 19 3 22 25 25 38 -7 -16 1 -3 -13 18 -14 10 -8 -12 24 32 12 -4 47 31 5 7 -31 1 -41 -29 22 2 0 39 -46 -4 -12 -10 -13 14 -5 8 -23 -20 1 -2 28 22 12 7 10 -17 -21 7 -18 -6 34 -34 24 8 13 -8 12 -18 16 -5 -28 12 -24 -5 -17 -10 -39]
[-28 2 23 9 -9 6 11 -2 -3 -24 -9 3 -4 13 -16 -52 -28 8 32 37 13 6 18 13 -17 19 19 9 -17 -35 -7 8 -17 15 -3 -9 7 -5 21 21 -24 -23 -13 -7 0 8 -4 5 -25 -26 -10 12 13 -5 30 7 30 10 24 11 -9 24 21 12 5 -7 -16 3 -18 -5 1 -29 -26 1 10 -10 -29 14 -4 -32 34 -11 3 -8 19 -20 -5 -2 -30 -12 21 8 -3 24 21 -13 -10 0 26 -4 4 -1 17 10 34 30 21 25 12 9 13 -28 -4 12 36 19 13 -24 15 -30]
[4 30 7 -3 11 -5 -3 -32 4 -6 43 -7 -7 -25 36 7 -19 6 -1 -13 40 -3 46 -47 -8 3 -12 17 -16 10 -35 11 -32 3 -8 -23 9 10 36 0 10 2 -16 7 39 -7 10 25 -6 52 -39 -11 18 33 -1 -28 26 -5 6 -15 3 -16 -6 -19 -10 7 7 -1 -25 16 -6 17 -16 -23 7 10 -26 38 5 9 42 -27 1 10 -25 9 -6 1 27 -20 1 10 5 22 5 3 28 -8 17 19 9 3 -5 13 -21 -9 -7 -5 -14 -5 -20 26 6 -12 -3 -5 -28 -9 -31 -27]
[41 -14 18 5 -3 -1 3 9 6 10 -28 -11 18 16 -17 -2 26 -29 -52 -16 -21 5 -12 34 30 -11 26 17 6 -21 26 -11 23 3 -1 23 9 -15 -2 11 -8 29 -26 18 -17 9 0 5 7 -19 12 20 -9 -32 -15 40 -13 -29 -16 8 9 3 3 6 12 -2 -22 -13 5 -30 -9 -8 50 22 11 -21 -3 -17 -8 -32 -30 16 -2 -8 -11 9 31 7 -8 9 14 9 22 -5 -17 4 9 14 -30 -15 -7 -29 7 -9 -12 -23 -9 -26 -6 9 5 -5 -19 0 -4 3 22 16 11 42]
[-11 -15 20 0 -3 36 5 -24 0 -24 27 10 21 26 18 -32 -58 -9 12 -16 1 3 -8 14 -11 36 -27 4 -16 -12 -8 -17 -16 6 22 -33 32 -18 21 -5 -41 -9 -25 10 -10 12 -26 -16 -15 -29 -20 -7 -27 25 -31 -44 11 -5 6 23 -26 -1 -25 -1 -7 -40 1 32 27 3 -19 4 -14 22 -7 32 -24 18 12 -1 13 -45 13 -33 -7 0 -12 8 11 -13 16 -5 -10 9 -1 -9 -11 -32 19 3 23 24 -3 25 4 -17 -8 26 16 10 -2 -37 2 15 -10 -21 22 -34 -10 -3]
[-9 11 31 -6 9 -2 0 -10 -20 -11 -4 -9 31 -16 11 -10 -8 -4 -14 31 -6 -8 12 -14 -6 3 23 29 -10 15 18 -26 -7 -12 2 2 -7 -27 11 -13 -10 22 -7 -16 14 11 -15 -15 21 -5 -35 10 -21 13 -22 -27 1 -3 -16 4 -9 14 21 14 16 1 -10 19 -4 1 -30 -7 -12 18 0 5 25 -13 2 -14 21 -19 8 -2 -19 -1 22 -2 -3 -16 -15 -22 -13 20 -5 6 -10 -12 -22 19 -11 -4 -1 5 1 0 -29 -1 -24 6 -12 -9 -34 -16 28 9 -1 -3 16 -21]
[6 4 25 1 -11 -28 -2 -4 36 -9 -28 15 8 19 2 5 32 -32 -17 -7 29 -24 -23 12 26 3 -14 2 -32 1 33 8 54 16 -10 41 -12 9 -11 13 23 -3 16 50 -3 -22 29 9 -11 30 -16 -9 24 -8 30 25 -8 -48 -8 -15 26 -4 -2 -16 16 36 8 1 0 32 32 -19 55 -12 -8 -33 -10 36 -6 -21 11 -32 10 16 -15 16 26 23 49 6 17 9 -14 17 41 5 19 19 -26 -17 4 -15 5 -4 -9 7 -1 -38 18 -15 7 24 -12 -50 7 -35 18 -16 -1 -24]
[14 2 -19 -22 3 9 17 4 9 24 11 3 5 -17 18 -41 -28 30 -11 32 -22 50 20 -24 13 -18 25 25 -6 24 -14 -30 -39 10 15 2 13 -28 -13 -8 10 -2 -28 -16 25 15 5 9 32 1 -5 23 -25 49 -18 -18 -12 7 -11 -18 -23 30 -8 0 19 1 -1 -7 -2 -35 -26 7 1 9 0 10 -12 19 -14 -2 -21 -26 -17 -5 -20 -16 3 22 -22 -27 12 2 7 1 -27 4 0 -8 5 35 -7 -10 3 30 10 3 12 11 -21 21 -29 -33 8 10 27 19 7 -12 3 -5]
[16 14 -23 20 -9 0 43 -6 38 7 -9 12 -35 -10 8 -1 6 14 22 27 8 6 8 -16 13 -26 35 -26 -8 4 4 8 5 -13 -7 7 -21 -18 -32 4 -8 -5 2 -7 14 -10 11 4 28 26 -7 2 -3 3 -18 -14 -16 7 26 7 -36 8 28 6 22 5 10 -18 -36 -27 -30 -11 -14 -1 -8 -4 -8 0 -7 13 15 45 16 23 -18 -3 17 -10 -27 -22 -13 -9 5 -8 16 -4 -13 -14 1 2 -11 8 0 -3 35 11 14 35 -10 39 11 -15 35 6 33 18 14 -42 -3 -36]
[-1 12 -11 13 29 -6 29 -8 -4 9 3 -22 -26 17 16 -5 -40 -2 1 3 20 15 6 -17 15 -15 -22 9 -42 27 -46 -21 -1 17 12 29 11 -11 -15 2 0 -3 6 -1 0 20 -17 11 31 -8 -18 -10 2 14 30 1 12 -9 8 -8 -24 -21 -5 6 29 2 12 -2 15 -14 4 2 -10 8 -13 44 13 -5 15 7 -25 17 -19 -13 -5 11 9 -39 -5 6 -6 -27 7 10 -11 -3 10 6 -31 -8 -26 -7 8 18 -11 -4 -14 -2 14 -3 16 0 -12 26 -17 18 5 -5 -14 -5]
[-21 -17 4 0 -1 -52 5 6 21 3 6 -21 1 32 -15 19 3 -15 -11 -35 1 10 -31 10 -3 4 -23 10 1 46 -2 22 16 -12 25 23 27 0 -2 11 9 8 7 -3 -1 0 -9 -16 25 -9 -20 -26 -8 -8 5 12 -5 -16 -11 0 -11 -9 -13 15 27 -44 -20 -22 -15 -12 -1 13 22 -8 2 40 -11 -1 9 -11 -37 -6 -8 25 -2 14 -6 -11 8 17 24 3 -9 -1 -12 -1 -19 7 -7 -28 -6 -5 0 -25 26 -11 -7 0 26 -1 24 -18 -34 3 -2 17 -9 11 -33 26]
[-6 -9 -1 15 4 25 16 -18 9 -31 -17 0 -41 -24 18 -2 4 -12 12 26 22 0 38 0 10 4 30 12 23 -16 -12 -12 -17 2 -29 -1 -6 -6 25 21 -15 7 -40 -20 25 19 6 11 4 -12 19 13 3 7 -27 2 12 13 12 10 5 4 4 -15 -2 3 -14 1 -6 -44 -28 -3 4 13 -2 -8 -1 2 -1 -7 33 6 31 -23 9 -3 -7 0 -11 1 -6 -7 5 -11 -5 -35 -15 -5 17 27 -12 -2 11 -22 -10 -26 -2 13 -24 22 -1 -14 34 25 13 26 9 1 28 -11]
[28 -27 -3 5 -20 -15 -7 -14 -1 9 1 -1 -6 57 24 -45 -17 -34 -33 -7 -21 29 -26 34 -24 29 -35 11 -34 12 4 20 6 6 18 33 16 21 -7 -6 19 -25 -15 33 -30 28 21 12 20 26 -14 5 0 5 23 18 40 0 -25 -11 9 -19 -17 -3 22 28 -15 -41 7 -17 18 -2 59 39 -21 5 7 12 -15 -16 -34 6 -37 -5 11 -8 0 20 -6 -2 23 35 16 3 -8 7 9 1 -3 -12 -16 0 4 -3 4 5 -5 -7 22 10 -8 -18 -12 0 -25 22 13 -1 8 27]
[-14 8 4 -8 -7 -27 13 21 -3 -9 -15 -8 9 -3 -53 -15 15 22 6 15 -25 47 -20 29 -24 13 21 -4 25 4 30 32 -13 5 5 -11 -11 -11 16 5 0 26 14 -4 -14 -1 -9 9 5 -27 5 -20 -19 -29 -15 12 -18 14 -2 12 -15 11 -10 33 -12 -32 -24 10 1 2 -4 7 9 5 36 -1 22 -30 1 -32 -12 -16 -34 8 2 1 -18 -1 -31 5 26 20 -5 6 -16 -4 9 6 20 -44 9 5 13 -12 37 -11 -5 -10 3 -3 -15 -8 -8 11 24 42 15 22 1 13]
[-33 -2 -2 0 12 -5 0 15 6 19 -25 -3 5 -10 -33 13 16 -15 5 13 -3 6 24 -8 19 -40 16 -10 2 39 13 14 2 27 20 32 -11 -6 -9 -18 17 -20 41 -32 4 10 5 -14 -13 -6 -8 -7 -6 6 13 12 0 -7 3 -31 -11 2 21 0 14 30 19 -31 14 19 -16 3 -16 -51 19 19 10 -12 -8 23 -7 15 -25 46 2 -5 -17 -5 -63 21 24 2 24 27 -5 -4 -17 15 -15 4 -26 -7 -2 -16 1 13 26 17 6 -38 -2 -24 -27 19 28 5 -17 26 1 21]
[-26 -6 12 14 5 11 -11 3 -33 -12 -16 -13 18 -14 2 13 -25 -6 -4 17 -13 10 33 25 -15 8 -1 24 10 -2 12 -11 4 3 0 -18 3 5 22 2 15 8 27 -28 -3 52 -25 -22 -26 -35 4 -8 -22 -14 2 0 15 13 7 15 5 1 2 -4 -15 28 0 49 7 29 -12 -11 -5 -10 18 -23 13 -22 5 -5 38 -13 -3 -10 10 -9 -48 -17 -25 14 -2 -7 -3 17 0 -1 -12 23 0 -5 1 -16 8 -2 33 -1 -9 -1 -13 0 -8 -17 -25 -18 34 -1 -6 11 28 14]
[-25 -7 -13 25 -3 21 -4 3 0 -10 33 -10 -31 30 19 4 -24 1 27 9 -8 -10 -2 39 -23 18 -4 1 33 -17 -3 30 5 4 -6 -9 -39 29 -11 -11 -31 2 5 1 -17 10 -4 5 -22 9 48 -21 -17 -3 3 4 49 35 36 34 -1 -22 11 -11 -42 -19 -11 34 -1 -14 7 20 -63 4 -29 11 -5 -10 -17 10 17 26 22 -29 32 4 -19 3 -11 -33 16 4 -40 -22 26 -23 8 -4 27 -13 15 15 -6 -14 50 -17 3 21 9 7 14 -3 35 -18 27 2 -23 -3 14 -25]
[8 -5 10 3 -6 -23 -8 12 -32 9 38 -8 8 -7 -3 17 -29 0 1 -46 14 -4 -6 -4 -8 -20 -5 16 -24 41 -28 40 -18 -16 1 2 8 -21 12 27 -21 11 -10 20 2 -39 -25 5 -9 2 -20 -13 -9 3 6 -17 17 -21 0 -1 -1 -3 -19 37 -14 -8 8 38 -14 15 -20 -12 5 -2 18 13 2 10 2 1 30 -38 -6 4 -3 -9 -10 17 0 -3 20 -12 -4 9 11 25 23 -22 -1 -28 60 -14 -13 51 -5 28 -22 21 -7 -10 -25 -15 -9 -18 25 -1 8 -3 -23 -7]
[23 3 8 17 -4 2 -26 5 6 16 14 -9 -15 -22 -9 38 37 3 -17 -39 13 0 6 -7 20 -40 -2 -14 20 -25 -22 0 -7 -3 -42 11 -7 -5 -2 23 1 24 14 -3 4 -12 5 7 -7 -19 27 7 29 -18 -6 13 11 1 0 2 -3 11 -3 7 -28 -25 7 5 -39 -15 -36 6 14 -40 33 -14 -9 -31 -12 -17 -13 39 -20 10 -4 7 -19 -7 -9 27 -33 13 17 -53 -2 22 42 6 -25 -7 27 1 8 -30 3 21 1 -29 -2 -15 12 -11 17 16 12 7 -4 7 -1 21]
[-11 33 15 -12 29 -17 10 -1 13 -24 -6 -24 13 -31 -17 16 -2 19 -18 13 18 -10 29 -47 12 -10 24 15 -9 24 10 -26 -20 -10 -6 1 -9 -15 22 -6 -11 35 -10 -19 35 7 -18 -9 13 9 -41 -7 7 20 0 -3 -5 -28 -2 -21 -14 3 25 -11 21 -4 19 17 -40 39 -29 -6 -10 -32 3 -26 -22 22 4 33 36 -35 12 33 -33 14 7 -7 6 -18 -5 -12 -14 22 -14 11 -22 -15 6 -8 -11 -18 -9 -4 1 -21 -5 8 -27 9 2 9 -33 -10 43 -4 -7 6 -6 -27]
[12 -9 12 -8 16 -10 -24 14 -17 11 -13 -38 13 17 -21 6 19 -19 -23 -21 -2 -5 20 9 7 -9 -9 24 26 2 2 -9 -4 13 -28 6 -2 14 5 10 22 32 5 -18 -14 44 3 0 -17 -20 7 26 -8 -22 0 29 27 4 3 -16 29 22 -7 11 1 -5 8 4 -16 3 -8 -16 37 -19 19 -39 0 -13 -6 -23 0 5 0 0 13 -19 -36 4 -14 21 -7 11 7 9 -24 16 31 18 -21 -16 29 -11 7 -10 -7 -16 -5 -32 -6 -10 5 -11 -21 -4 25 0 -41 40 16 31]
[32 24 -17 -11 16 16 32 -17 0 -2 12 7 0 -48 33 -10 -1 7 8 -4 23 -6 54 -34 13 -23 14 -8 -23 5 17 -3 -29 2 2 10 -28 -4 -8 0 -1 -13 -10 -27 38 -14 10 6 -4 40 4 7 2 37 -29 -15 -12 -1 0 -11 0 -14 -2 -25 -20 17 32 -17 -13 -8 -48 4 -21 -16 9 6 15 -12 3 10 29 20 -6 -5 -31 -1 3 -18 -12 -3 -10 -29 23 12 -9 -16 19 -11 4 34 7 26 -1 16 -30 -9 -12 -1 -27 -30 -21 -5 16 5 20 2 -10 1 -3 -13]
[-9 8 65 -28 7 12 -23 -12 1 13 12 -15 57 4 -13 -42 -13 -11 2 -4 5 10 0 6 -6 22 4 23 -6 -12 18 -29 -10 28 0 -18 28 -29 21 -3 -5 -15 1 20 -4 36 0 -6 -27 -17 -14 21 -7 11 -6 -3 28 -23 -4 -17 3 17 -21 17 -9 10 -12 0 -10 15 -2 -29 34 -14 1 -40 6 2 -1 -21 16 -65 -14 -9 -9 -26 -9 37 -9 -6 22 32 18 9 -14 14 19 5 -3 12 32 -7 5 17 -29 6 -4 -48 -8 -12 -4 -24 -8 -1 11 2 14 9 5 1]
[19 10 24 -21 -3 -37 42 -9 3 -12 6 -6 27 3 16 -20 -7 12 -30 39 -16 34 -25 -11 5 40 8 36 -1 5 3 -35 -9 -8 -18 -7 27 1 -18 -13 5 13 -23 18 -17 42 28 18 27 -11 -22 -7 10 -22 4 0 12 -13 -35 -6 -10 19 -1 -15 44 15 1 1 -8 -21 8 -18 27 42 -27 -8 -1 -2 -3 0 -10 -19 14 1 12 15 19 12 48 -16 1 -2 -2 -6 -11 7 -2 13 -16 7 9 10 -2 -13 0 0 -20 -14 -25 26 -23 13 11 3 -15 27 27 -4 40 30]
[-37 -3 2 18 -16 6 -17 4 -27 -16 18 11 -14 -34 7 42 -40 -21 51 2 31 -40 -2 -5 -11 -17 4 -7 -6 11 -14 19 17 -29 -9 -6 17 -7 15 20 -8 4 17 5 -14 -48 -30 -24 -18 -7 -18 -39 -7 2 28 -14 7 -32 8 20 -9 -1 9 6 7 23 8 51 -1 55 22 2 -29 5 2 16 -17 11 7 21 57 -17 18 4 15 24 -9 8 16 -6 12 -29 -9 11 32 -9 -19 -6 4 -9 25 -21 -3 22 -15 45 -3 44 -12 8 13 32 3 -35 16 -26 22 -42 -16 -30]
[24 -1 -18 -22 22 11 3 14 25 12 -12 0 -7 10 -10 4 13 -13 3 -8 6 -10 -23 3 15 -27 -19 -34 7 -3 -15 -11 34 21 3 26 20 -10 -32 -29 22 -5 -7 -12 -22 -2 24 11 27 -9 28 -4 30 1 9 41 2 -20 9 -28 8 0 1 -5 20 4 11 -28 7 -24 39 8 6 12 -27 -10 -18 -15 -11 -3 -38 36 -5 -14 -6 2 -2 -17 24 13 5 13 12 -18 -26 5 11 18 -26 6 -27 1 2 -8 -14 -3 2 -6 6 15 13 13 3 21 -24 1 -11 -4 -17 11]
[-24 -18 8 27 8 -11 17 7 -9 -22 0 1 2 -14 0 11 -45 -18 10 -12 4 2 -14 18 -17 -13 -9 -12 -3 20 -8 6 5 -19 -2 7 11 -16 -4 26 -14 7 15 -12 -8 -8 -4 -13 7 -8 -1 1 -33 16 -4 -19 22 -3 1 14 -28 3 -4 6 12 -30 12 34 -23 8 -35 -3 -7 8 -3 -1 2 -5 -3 5 9 -13 5 25 16 5 -33 11 17 20 12 -9 -20 3 0 5 -18 -7 -6 -25 16 -3 -14 0 29 1 -24 35 -5 14 -9 -29 0 -16 42 8 -5 -26 -5 -4]
[5 -29 -36 18 -30 25 -28 6 -26 15 28 -7 -36 -9 12 -26 -40 7 36 -40 2 1 -18 22 16 -45 20 -24 9 0 -17 3 -17 -10 -3 10 -3 7 13 18 -12 11 -40 -16 -7 -31 -13 -48 15 6 53 33 -38 51 0 0 8 13 -7 17 -22 8 -14 5 -5 -8 21 1 -7 -16 -50 12 -20 3 2 13 -8 0 -5 7 -5 15 9 -9 16 -4 -19 27 -21 -25 2 -11 11 -15 6 -12 -3 3 18 1 18 10 6 22 -16 37 24 29 3 -10 35 -42 25 -8 32 3 14 -29 -19 -5]
[-6 -12 17 3 -12 -2 7 -16 13 -4 33 -21 -29 -10 -4 -24 -27 -4 -21 -5 -9 50 -6 3 -29 19 40 -1 -16 10 -29 -4 -41 -6 11 -6 23 -4 26 21 -40 1 -21 0 20 -4 8 25 33 -15 -12 13 -2 13 -26 -3 19 -9 -17 14 -36 -26 3 3 11 -31 -24 15 -26 -32 -29 5 -4 34 -1 31 -9 -12 -27 -13 -53 -28 -14 25 8 21 11 6 -3 -11 -12 21 -14 -15 -19 -10 12 -51 20 -29 11 1 -6 -4 9 2 -18 -10 -7 31 -32 -40 17 32 -5 53 17 -11 -3 -7]
[21 2 -16 -18 -5 0 -21 18 -4 23 0 -5 12 14 7 9 -8 22 27 -3 -29 8 1 -1 -14 -8 2 9 19 -35 -6 16 -15 4 8 3 -7 4 -10 -13 2 -11 -19 -32 -10 -4 -13 -4 6 -7 38 3 1 13 -3 33 -5 36 10 21 27 1 -10 9 -21 -13 11 -5 0 -13 13 9 -52 -1 -17 -5 -8 -10 -7 -5 -14 22 -1 -37 9 -7 -20 23 -13 -24 2 -5 1 0 -23 0 28 -15 17 4 17 17 15 12 12 6 10 2 2 -27 -4 -14 -3 -8 20 -5 -21 -9 22 -18]
[15 -9 -11 -5 1 2 8 11 -28 4 -3 18 11 8 14 -29 -27 19 -13 8 -18 10 -20 -1 -3 19 3 38 0 -14 2 -21 -27 1 -20 -13 4 18 0 -2 22 16 -11 -8 -22 32 1 2 12 -12 -5 29 -11 17 -11 -4 -16 20 -49 15 -5 9 -3 -10 24 12 -4 3 24 -17 -5 0 7 26 3 30 15 -1 -6 13 -38 0 1 0 11 27 14 4 35 8 -22 -20 -1 11 -6 -15 -12 -3 -10 16 -9 26 8 8 -21 -6 -14 -21 -18 -6 -20 1 10 7 -42 -2 6 -7 20 25]
[-26 4 14 -12 0 -1 -6 13 -27 -27 -1 5 10 -2 -1 1 -5 5 17 11 3 -16 11 -1 -4 -5 5 12 41 -16 -4 16 -7 -11 -23 -5 -25 -15 30 29 9 27 -4 3 9 -9 -22 -3 -35 -4 1 -15 -17 -13 -8 -23 -6 14 29 39 14 23 -19 6 -48 -57 -5 35 -4 0 15 11 0 -17 24 3 4 11 9 -5 48 -17 0 -21 9 3 -17 1 14 4 1 -11 -6 1 2 -9 2 -5 -4 14 34 0 0 29 4 -24 -13 -3 -17 -24 4 11 9 -27 20 -34 -17 -13 12 -2]
[-49 15 -16 13 8 26 19 1 -1 10 8 0 -37 -34 -4 2 -16 -4 37 19 13 0 14 -1 18 -52 14 -45 -6 44 -19 -10 27 6 16 56 0 -24 -30 -4 8 26 12 -12 16 -49 3 4 14 33 11 8 -16 40 5 -14 13 5 15 0 -29 -9 5 -4 0 5 18 12 -17 -7 3 18 -42 -33 -17 23 -1 -2 -2 3 8 8 -13 12 22 1 -16 -13 -11 -8 9 -16 3 -3 2 -15 -19 27 -37 -4 10 -7 -22 14 -1 13 7 22 -10 -6 13 -3 -4 3 53 6 -9 -20 -20 -22]
[39 4 3 -15 -3 4 5 9 -26 19 -42 11 49 -4 -2 -22 3 -13 -14 -19 -15 5 -13 15 -3 -50 -5 -15 8 -17 24 -9 12 2 -4 -3 -5 -33 -39 -16 30 19 14 10 -32 23 7 3 -5 6 -31 13 -22 -26 -24 -7 -19 -5 6 -1 5 29 7 -19 0 9 37 6 3 36 2 -11 29 0 14 -34 28 1 -14 4 14 19 -27 13 -20 -5 -22 25 -11 1 -3 12 29 42 -20 23 17 11 -44 -13 11 3 6 19 9 -1 -24 -3 -16 -18 10 4 -23 -12 13 -13 -21 -24 21 33]
[-10 11 14 -26 -12 -16 -6 -4 8 -26 -13 -5 28 -21 -15 -4 3 10 11 -16 -1 8 -4 -18 -8 32 26 6 17 -19 16 -11 -15 -16 -9 -38 11 -12 26 4 4 13 -14 -5 19 1 -5 -7 3 5 -24 -6 2 2 -11 8 -32 -12 -10 20 8 -2 -23 -9 -4 -3 14 4 -18 38 3 1 7 -22 19 -19 -9 19 0 11 23 -34 -1 22 -22 21 -3 8 36 -9 -11 16 0 16 -7 -7 -7 -13 10 -16 12 16 5 -7 -16 -10 -5 -25 -18 0 4 14 -11 -13 -6 -13 5 -9 -9 0]
[8 4 -9 2 -3 9 -19 24 20 28 -39 20 -18 -6 -19 32 11 18 26 2 6 -8 9 -10 8 -17 4 -24 -9 -3 -8 0 -3 17 -2 -18 2 4 -24 -25 -2 -19 11 -6 -9 -14 4 -7 14 -15 6 3 21 10 -8 25 -20 -10 5 -25 -19 -24 17 7 12 39 35 -5 25 28 5 -7 -15 -19 16 -3 -6 -12 -10 20 -23 10 8 31 -5 5 -1 1 -31 -9 -23 4 10 19 12 -2 11 4 0 -15 -38 14 25 -25 -5 27 34 6 7 -15 -9 -16 -10 28 -18 -4 26 4 -12 -12]
[-6 11 4 11 -9 -21 20 19 23 -11 -7 22 -20 28 -14 -8 20 8 -3 26 -4 13 -20 15 -6 47 -21 -7 -5 -33 -8 35 6 4 12 6 9 20 1 -7 13 -21 18 21 -10 8 25 29 -15 -10 -10 -23 32 -53 27 32 23 -8 2 2 9 3 -4 1 10 -8 -34 -43 10 -19 46 -6 25 20 -4 17 -14 -6 -1 -21 -29 36 -26 9 21 11 13 -20 4 32 8 20 9 -12 9 -8 -6 4 6 -24 -21 -3 12 -24 13 1 19 -13 28 3 2 41 11 27 -56 4 30 8 -7 43]
[-3 7 -11 8 26 -6 -1 13 3 16 13 -9 -22 24 -3 5 -1 32 9 3 -5 -2 35 -16 -2 -25 -1 -10 10 -30 -26 -12 4 3 -4 33 -12 13 -29 13 -1 -1 -9 -17 6 -4 -9 -5 18 -25 42 20 35 -5 34 15 8 39 23 12 12 3 14 -12 -12 -35 6 -5 -28 -12 12 13 -54 -21 -12 -5 -38 -7 -12 -16 -2 39 8 -42 15 -17 -11 -24 -12 -12 -18 -21 -10 -13 -6 4 10 21 4 11 -3 -4 14 -11 27 15 15 21 13 13 25 -10 9 8 6 -6 -26 -21 15 -33]
[-7 -12 42 -17 -22 -21 -35 -8 6 -1 28 -26 -8 19 -8 -14 12 2 2 -40 12 -27 1 11 -27 26 6 -2 1 -23 10 36 6 -22 -11 -8 7 19 52 13 -20 -2 0 5 7 -4 -15 -20 -17 11 -21 2 -12 -8 -1 -9 19 -9 19 9 17 11 -2 7 -26 -44 -27 5 -45 20 -17 -23 3 2 9 -23 -38 18 -18 -4 20 -32 4 12 -14 -6 -12 3 0 1 -2 -3 -33 10 0 0 8 -33 26 1 51 1 -16 9 16 5 -10 -6 20 -8 -12 -12 -1 -25 27 -18 -30 -21 -22 -15]
[4 0 -8 -4 9 2 17 13 -44 0 -4 -11 39 -7 1 -15 -5 -7 -19 -34 -10 14 -6 40 3 -27 -26 -6 -11 4 14 26 22 -6 18 28 -7 -2 -10 -15 16 4 12 -8 -12 6 -6 11 -20 -10 13 -22 -18 -26 9 -1 -2 6 0 7 18 2 -9 -25 -34 -3 15 11 21 18 -6 16 -5 -1 7 -1 32 -27 19 2 27 13 -30 -17 2 -9 -37 -13 -1 20 23 -15 7 29 -12 -11 3 35 -13 -15 -3 5 1 25 -5 -23 -34 17 6 -50 -4 5 -20 -15 11 -1 -24 10 2 44]
[-13 20 3 22 9 6 34 -7 35 -31 -19 29 -36 4 25 17 -8 0 -13 39 10 5 31 -23 -6 8 2 -30 -19 -12 -43 0 11 0 -12 23 -18 -2 17 4 -13 7 7 -11 17 -7 7 33 15 5 -17 -11 31 -12 8 -18 6 19 17 1 -20 -20 21 -31 -4 -28 13 17 -24 -8 13 -4 -10 4 -13 6 -28 5 9 8 -14 -10 16 -6 -2 21 -1 -19 30 5 -32 -20 -26 -1 21 -16 -7 -24 -15 -34 -10 1 0 -19 24 -13 7 16 5 40 -19 7 32 22 -3 18 -9 -30 22 -28]
[-7 -13 -15 -30 -25 -30 -22 27 2 21 -8 -20 -27 -8 -29 35 29 43 -2 17 -24 -9 -35 4 -7 -7 16 5 41 43 15 -18 7 8 -2 -12 -3 21 15 -17 42 24 -5 -27 -7 27 -22 -35 34 -34 -3 -8 -28 18 -11 36 -31 17 -12 0 -8 -4 -12 29 17 3 -14 -22 8 -16 6 -5 6 -3 19 23 21 -24 4 15 -49 -8 -11 10 -15 16 -17 -16 -12 -7 -14 -13 -12 -24 -15 -6 -11 -13 -14 10 -29 10 3 -15 16 -4 7 -44 0 11 3 -12 -20 17 -6 23 -13 18 -7 12]
[-8 3 48 21 1 -17 6 -37 6 -8 13 1 10 2 7 12 13 -11 -4 17 21 -12 7 -13 1 34 4 32 -13 -13 -13 10 -3 5 -14 -27 20 11 3 10 -34 1 10 11 -10 8 7 2 -6 7 -18 8 9 -35 12 -3 32 -1 -3 -1 4 4 20 10 24 15 -10 10 -4 23 2 -18 -24 11 -3 1 1 7 -5 -20 20 -14 26 18 22 14 18 1 22 2 13 3 -10 12 19 27 27 8 -17 -2 16 -16 2 -8 0 11 -5 -4 3 -4 -18 12 -19 -33 2 -13 7 8 19 -25]
[31 18 -18 9 -13 12 13 -7 -7 18 22 2 -17 7 28 -24 -22 27 -5 45 -19 29 22 2 -1 -16 19 9 5 -7 -22 -5 -29 -2 3 5 -8 7 -10 -5 10 17 -11 -12 9 14 2 18 25 2 8 10 -14 19 -4 -5 14 28 -9 27 -18 10 6 3 -5 -9 -3 -3 -2 -34 -11 10 -30 14 6 52 -4 -15 -23 -21 -11 35 -31 -4 7 7 3 -16 -35 -20 -15 -2 13 -19 -9 6 26 -7 -18 19 5 6 14 24 19 -3 7 -1 -10 1 -8 -2 15 6 21 12 9 -14 16 -9]
[13 13 9 -17 10 -22 -36 -11 14 25 9 -46 -16 32 -10 31 47 -6 -31 6 -3 -1 0 -7 -18 6 -15 -5 5 29 -33 10 10 -1 0 29 -16 11 -10 -19 14 -6 21 -6 3 9 27 5 7 29 -5 -7 23 -24 16 30 56 6 19 -26 22 -10 3 26 6 14 2 -10 -20 -29 5 0 5 -16 -19 -8 14 -9 2 -22 -24 38 -2 4 15 -18 -13 -21 -4 0 -11 13 -14 -36 -5 34 35 8 -29 -5 14 -7 -28 -23 34 7 2 -40 23 -4 7 -4 -23 -3 4 22 -43 41 9 2]
[18 -13 -1 1 -4 -8 -26 -8 -12 6 4 -2 16 10 8 16 4 5 -30 -35 -2 -1 -21 -5 -3 1 -25 14 -24 19 -9 -14 -25 -22 22 21 17 -3 -15 13 -2 -2 5 21 11 -9 -9 -28 17 16 -11 15 -8 14 -22 -6 -8 -16 -32 -10 -2 -9 -15 -4 14 -16 -1 4 22 1 -29 12 31 11 9 38 15 5 -3 -7 -31 -3 -17 17 15 9 -1 8 2 28 -26 -12 -2 -2 -10 32 -2 -1 -7 0 -2 -14 -8 2 -20 9 -18 -18 13 -34 1 -6 -32 1 -30 -17 10 11 -11 29]
]
