[[2035 1656 383 2964 3624 2112 956 1718 1398 3055 3178 2923 1982 1364 782 3665 293 1128 2955 3853 2370 1374 543 332 1767 735 20 1641 3223 657 1141 57 6 2251 3229 1549 3909 3182 466 3436 1374 1274 1056 1398 2728 1426 3019 2807 3483 405 679 2528 2605 895 3235 257 2964 3980 1793 26 2214 564 2427 2461 2696 2164 1574 2917 2377 1028 1044 52 773 2042 3953 1727 1619 759 2537 658 1108 2549 3652 2383 1159 1874 1429 3996 3616 377 278 757 1941 2911 423 708 2412 1833 547 419 1051 3461 899 3893 97 3423 354 444 1219 3600 3746 3584 1522 2725 1704 370 422 2614 3670 462]
[944 2087 73 4035 3159 491 1414 3856 2704 1559 3026 1936 2376 3564 3006 3335 1486 3641 3410 1805 4023 513 1315 2201 1184 1577 2077 882 2552 381 2882 2010 1995 264 479 1800 2527 1801 807 1488 1876 3386 2129 3712 947 3510 3939 739 1971 1922 2266 271 602 217 1316 1841 2898 2452 890 1588 2122 508 2519 1664 1349 2241 3340 3676 2454 2287 938 928 75 2524 2919 2204 2457 4008 27 3057 1271 556 468 1343 1937 767 1292 546 1348 80 3042 206 1143 82 152 3877 2474 2479 3890 1511 3045 2032 1113 2902 3952 654 3193 3261 2223 3459 3879 234 1000 1469 3390 243 3062 3550 2937 2544]
[2365 2135 2158 2374 3163 1467 3353 2654 709 1533 1020 3386 2911 283 3214 312 22 2782 2953 1010 25 652 2622 325 3348 1335 3253 1976 91 2621 2374 2175 748 2964 2143 3808 2371 2445 2566 1256 2349 2767 2543 1000 1232 1909 3211 1576 1622 3112 775 869 2498 1021 740 3078 3040 3649 945 2974 1768 3641 307 3219 553 2470 880 564 3951 2995 3454 2301 193 1882 1796 2250 473 891 1552 1564 264 1984 962 1632 2770 2175 1828 1754 3861 2380 62 1221 3153 105 3391 4059 2922 675 557 3362 3978 2450 2054 80 1659 715 1343 2501 3191 105 2111 2122 135 3262 752 3176 754 1640 3512 3276]
[499 1045 434 2524 140 2208 598 54 3588 829 2435 257 2284 170 322 3814 1951 3235 3683 3883 1540 184 2630 458 2137 2159 1861 1019 2158 3123 3705 1063 3508 1121 4039 1568 3954 4050 3401 1826 143 1575 3551 3450 2349 971 1371 562 3206 574 2583 3945 767 1744 3810 2464 51 995 3420 2155 1128 1281 2635 3890 210 442 2767 2649 1716 2962 3211 3839 674 2596 2901 2538 660 3568 3779 2006 2074 3572 1080 1931 2796 1068 695 212 413 935 1088 2729 304 647 3709 3662 3147 3206 2371 1314 1598 3082 425 521 3681 3715 661 331 1651 258 1832 1038 3362 256 1172 2174 764 3694 2403 3068]
[3344 2103 443 881 270 2633 1675 1324 1826 3386 2559 1758 2538 2627 1909 876 3452 2756 3679 2303 3096 2454 3524 1442 1259 1957 2221 3822 3356 236 3128 915 259 4038 3788 1060 1626 2348 242 3291 2175 4038 3166 3941 777 3830 219 2945 3506 1664 2279 2612 3498 3740 1524 3702 1406 3060 694 328 2552 616 1905 2545 1837 763 1896 2366 2562 1158 3065 1237 529 2554 1093 2610 1127 1121 3873 1332 2855 287 475 474 54 1871 2390 2307 1231 3059 3294 2227 2147 334 2768 3865 3037 765 2512 1889 1814 2639 2060 2105 381 1436 2020 2745 2413 3928 3309 2364 1559 1993 415 1377 3746 1269 618 175]
[3980 3401 3010 771 2711 1086 1953 1393 2713 3986 891 1971 396 2334 850 1869 4016 3688 2400 3258 4019 77 3249 3177 589 1930 324 1478 4050 1038 2899 3531 588 1074 988 2764 2108 66 1807 2852 1822 71 1162 3532 3944 3263 643 161 3582 927 1349 1925 3710 1555 1790 478 1018 1005 427 2441 3319 1109 2576 1705 4075 697 2173 103 4035 2942 3313 1904 1386 2751 285 2183 4061 4 3194 898 1722 3103 3670 452 1646 3854 2202 0 2114 2612 4044 172 2390 2038 301 2114 920 3611 3720 2524 3456 2753 3728 1244 1039 1 1394 1055 3389 3644 3767 1232 1913 3267 2800 3196 4062 2580 1814 3988]
[2429 1907 2778 1517 4053 1338 1596 2489 2471 3512 3083 1952 387 3523 1876 579 3854 859 2092 4006 587 2136 3440 2259 1886 854 3081 3297 2385 2737 2172 2590 221 3304 130 3023 469 4003 2170 263 3833 3970 2092 81 482 346 2337 1157 414 3134 93 3737 698 1899 2298 3507 999 2134 349 3178 2617 45 1644 3523 2424 3341 257 766 3780 1618 3785 3068 3866 2734 3446 1561 3556 634 1741 2760 2048 3507 2382 704 2606 1417 1837 208 2555 3000 2174 122 2144 389 4006 1086 895 3583 3926 181 4082 1985 3693 1774 1546 2044 2755 1751 1374 1158 1529 3473 3336 4004 3448 1803 1370 2469 45 3664]
[2320 2025 3462 2359 3164 1292 1452 2662 2294 2176 2196 584 1793 2079 3501 3962 1675 2493 813 3459 1277 3886 1008 53 3783 2883 2754 420 1546 3992 302 1539 564 2160 226 81 2022 1407 916 2011 664 4011 1355 1356 1926 3916 3966 3913 3321 23 1703 2572 2152 1571 172 1182 2138 3905 549 1909 2349 1444 699 2315 2227 1764 762 2284 3004 1020 3632 3534 757 230 329 1043 362 2767 1588 1475 2229 3745 330 1861 1051 824 3623 2529 2151 3619 130 3416 699 2253 3687 100 1721 368 834 1980 1846 2685 2603 3320 1709 3122 3732 3549 98 1556 3756 102 3436 1110 25 49 3334 3003 378 884]
[3889 559 2395 584 1846 503 2023 2981 3180 709 488 542 1721 1619 1445 3976 1952 3501 4039 116 2560 3225 2568 400 1802 2806 1062 3437 3352 1480 364 2849 253 1619 1456 710 908 164 696 2709 464 214 3033 2170 124 3125 1202 2593 3146 1759 3336 2819 672 367 1748 1476 1516 1575 2783 2043 2011 2299 3431 3663 1595 721 1830 1204 3163 811 3945 934 2240 268 3621 2725 1181 381 1554 485 836 637 2830 2037 2753 2088 3514 3125 783 2163 438 2240 660 2006 3322 3515 1476 1045 1339 3918 806 2678 1298 2816 3544 422 2842 2937 2229 1695 4074 1642 2933 1901 1178 772 930 3003 1831 1034]
[2805 3468 1029 1610 815 2997 3462 2626 1721 2392 1395 3335 1568 3545 654 1486 3173 1480 1570 257 338 3506 3585 1512 2329 3651 1437 936 3027 1981 628 1580 846 1978 1832 3846 3246 1850 429 2304 3382 2117 3734 3999 2303 1062 3470 1023 1441 1754 4017 1552 3940 2639 3084 2190 3619 2977 1814 3981 264 1538 2291 2566 1087 3350 3988 492 1903 2057 922 2392 2152 2624 3369 767 1374 712 615 2816 1288 3255 4029 2451 1121 2273 974 3850 2185 2291 2073 959 2905 508 2312 1542 3670 3775 256 2609 998 2228 1714 3785 644 2402 1776 1645 1937 1057 1778 1519 3669 1691 631 1222 2412 775 852 1938]
[134 373 1133 2972 1640 1500 1834 1626 2685 861 4035 1665 105 559 2810 156 3677 2224 457 3622 3462 432 524 2300 3926 2180 2501 4027 3738 1264 3191 749 880 4009 1077 3641 894 3901 1716 3496 2876 3197 2702 1953 336 1681 515 3925 2800 148 3427 177 3130 2084 3235 811 2181 752 3611 267 1728 3799 1599 1364 2068 3344 172 513 3999 2629 1362 2180 1326 2464 1435 2512 3296 1030 1335 2641 598 1419 3837 523 4016 3784 12 2838 2228 2754 2611 795 3343 1273 2733 3417 1020 1144 3732 575 674 193 1207 2941 657 2292 2073 1865 3819 855 2821 1549 712 3378 2200 3130 2086 2864 2036 1286]
[782 2914 712 1058 4084 2858 350 1128 3654 2048 1916 3384 980 568 1229 1782 939 622 2872 1003 2491 142 1735 4057 2808 3923 1601 1623 1189 2989 672 2975 779 3834 2060 1852 1508 1607 3723 3544 899 1662 2660 712 1167 3570 433 2473 3848 2839 951 1844 3490 3616 3912 545 3982 3521 3560 3316 1441 288 2190 1222 3887 1531 1796 3715 314 2427 3483 3584 2979 3289 2601 3336 365 208 2509 142 3622 3039 2495 1684 2253 1203 2549 1269 3629 78 3504 3812 355 497 664 1 2198 415 4086 2415 277 1999 584 2672 3642 2186 601 2075 1996 588 1378 2225 1357 2643 627 1652 2846 1672 3970 2973]
[3967 2261 560 3599 2005 1792 3314 2842 1688 3133 846 3548 374 3297 912 1841 94 3937 3641 3826 3923 67 1644 3131 1262 704 3140 2459 2332 1630 2631 1307 1749 2356 3883 2756 1787 817 2244 3368 3244 3460 1449 3590 1174 2453 898 2743 2010 3288 1643 582 2635 1097 2372 3021 3620 696 3968 179 1386 1150 386 3156 471 3262 157 4080 2310 2368 1397 3870 3077 28 2980 1382 77 3881 2560 1741 63 2990 1072 1098 1698 616 3122 1752 3586 2599 3875 3130 1897 742 3711 793 2218 2639 3633 3958 499 3263 1022 3827 1733 1838 2390 2403 2362 2496 3681 2577 3432 393 3356 864 265 3238 2149 1781]
[3515 1938 3632 579 3318 638 1410 2018 1512 2310 3632 2595 74 1370 2017 1256 1440 2765 2011 205 1094 2479 1973 2671 2941 691 382 1103 1386 2335 3381 1877 3970 3425 1656 2378 3813 1456 313 2517 2485 730 1897 1805 1480 2707 1093 4074 3189 3810 1417 409 2358 115 3027 1703 3742 4010 203 3290 1617 531 3143 1733 1338 1219 1864 2820 1197 1256 171 2407 2257 1824 3580 2136 3062 1897 470 818 131 4067 2892 2445 2635 37 2563 324 217 3034 3887 2642 2749 1268 3536 198 2053 455 2921 3903 1911 125 3917 3510 3667 4004 502 2160 547 692 1743 2676 3448 470 3100 1984 389 3240 812 2803]
[796 2538 3954 3429 1762 2859 1425 3830 932 3784 1043 3002 153 2228 2046 2285 899 2477 2840 2771 3199 1644 705 1261 3035 3302 3326 2385 4001 173 3939 3815 1701 1076 631 1634 535 1553 366 1119 400 3759 9 3995 238 2589 3124 252 608 1008 755 3664 1243 1322 3500 2596 1438 2997 1035 2315 74 3892 407 539 1142 3449 1265 1474 3852 1526 1633 3261 25 33 2019 2932 2588 3532 1223 3357 3425 525 147 3056 2918 2563 2614 1530 3124 2526 1112 1848 791 1950 3905 1620 4004 3382 2161 3516 94 2498 233 833 2639 2736 3845 721 2521 1510 1050 746 1592 284 3555 194 125 466 2750 551]
[3772 3774 1529 3097 3202 2586 4084 109 4077 1965 2720 320 27 2777 325 3006 3118 2794 1478 865 3469 2607 1277 655 174 838 1677 3033 2332 169 427 1702 849 149 1950 649 1835 3416 715 3757 799 2181 3039 951 151 1352 1464 2298 2741 3842 3108 2905 2213 1900 3486 3233 2470 3790 672 177 10 1931 3219 936 1905 2246 1263 1561 1529 2582 3983 695 577 887 2775 1272 3102 3624 3544 1553 3324 4040 2590 2274 2989 2811 3491 1730 194 367 588 49 1853 1290 774 2479 287 2524 30 4049 3939 1170 4091 3943 36 3732 2446 267 3687 3883 2175 1921 1006 2315 3238 1777 1529 3302 1726 3971]
[2456 3749 2090 2304 2669 2477 338 2916 2399 1423 137 4068 279 2416 1461 3317 1912 1378 2735 410 1665 2582 2151 2766 3220 344 3229 3590 2786 3282 1291 4027 1466 415 1386 1191 3436 2243 358 1383 3270 3731 2331 3029 1182 2917 3150 977 1702 1139 3927 3761 2808 3406 940 2855 1737 1478 2167 3994 521 120 348 1170 3002 2595 3964 2241 671 191 1508 3557 949 2759 1935 1266 29 392 1160 375 773 419 1977 655 1932 1308 2156 2969 2531 451 2633 2263 3243 299 3952 1083 623 3973 492 1766 1632 301 60 3375 1578 1371 1039 1863 1778 3769 1691 4034 992 3822 1713 2960 434 2619 2532 3120]
[206 1865 157 1751 1416 3345 166 1077 3955 1876 2596 166 1705 2823 2726 3747 462 3409 2612 1713 3875 3372 870 1784 3385 3231 4046 955 1963 158 1117 2047 1360 3788 3352 3073 2797 943 2454 238 645 205 1261 1082 953 1678 2545 3004 323 1957 2130 3394 3853 3939 4019 3033 2634 3397 1052 1405 3141 2102 3190 243 1994 2580 1959 3303 3119 3245 2559 126 997 3202 2331 122 1401 2574 2019 2682 1747 1716 1242 1149 675 3149 2982 2012 4054 3502 215 2437 3592 3531 2406 2723 1080 1647 2128 2571 2416 1239 594 3951 2931 2987 3090 3806 3491 2862 2044 1370 3025 1960 459 1043 2886 1024 1623 30]
[3718 267 4010 2813 529 1108 2050 64 2568 459 13 26 3529 575 2272 2821 2500 3368 2537 1087 426 2965 1512 2757 317 1916 32 1795 719 279 2161 1362 3190 3880 2842 3161 1814 388 3983 2922 42 3442 1255 2937 717 367 3666 1536 1372 1085 3419 834 825 1476 239 197 117 3404 1613 307 1502 2464 2464 3540 2011 2887 3054 1070 892 1709 1290 1006 2860 1910 2255 647 2831 850 810 2462 3860 2946 3126 1285 1023 2554 1158 1120 2209 194 1109 1887 102 234 1969 2863 1954 77 1309 3224 4008 2902 2085 640 1533 1577 1157 1233 2967 2944 63 309 2044 2521 3646 2772 947 1789 3403 1906]
[3475 2604 1765 783 3946 1591 3944 2759 3405 1930 182 776 3916 317 3782 524 659 1384 441 3830 1963 3837 490 340 2735 3554 90 3669 3018 2394 621 455 533 1921 2100 676 2581 4088 851 928 2939 2949 3104 3640 3802 378 671 3177 3603 440 295 1268 1715 2800 2452 667 2858 452 3903 715 2056 160 2655 3560 228 2436 2883 40 1069 2696 342 3755 4044 2336 2350 1509 1893 2333 2663 632 1401 1607 1853 2186 2400 3417 2730 3803 127 2568 4034 3597 501 2578 2007 2765 2338 293 1101 1115 3744 829 1649 2915 3703 161 1640 3242 1636 2908 3925 3099 780 678 3764 3481 2226 1743 2461 1386]
[2428 1590 2976 1481 2329 1567 901 2095 3169 954 3294 2081 853 2840 127 1201 889 3576 541 1029 2932 1248 3291 927 2483 95 2602 2249 1802 1024 2015 665 2410 121 2445 865 887 3921 2254 2768 1280 3069 54 651 3948 2941 3504 3687 822 3251 496 2789 789 324 3418 2758 3662 3689 3164 862 3316 2267 1156 1868 3410 2622 711 1468 1395 2093 2700 3933 3753 3799 589 3652 2123 8 950 366 3893 281 3956 1848 872 1308 3790 2697 3787 49 1306 4071 3174 1779 3591 2829 3474 3807 2474 3524 3655 811 108 3629 2454 2930 690 1366 1462 2508 2815 1207 169 1243 773 1577 1609 3305 1565 1849]
[2998 1708 977 3238 3826 1171 480 1344 2712 2963 2836 2831 2149 558 790 2723 2864 3998 2920 2737 925 546 175 1908 3280 1418 1686 2965 3422 1254 181 2242 1088 3135 3015 3832 1696 3009 1223 2032 2912 416 3607 129 741 231 3708 2416 1906 291 1817 3499 1086 3878 2970 3282 1955 1061 754 3041 2202 2766 2114 1583 3990 2332 3667 1734 1871 65 3703 3120 2441 2283 2011 4031 2803 2997 172 1152 3118 1260 3267 482 3307 731 2064 319 1828 2910 169 1950 2918 1570 2577 2261 2427 2394 2803 938 2591 689 964 52 382 743 2468 3585 3070 984 1149 773 2502 2168 3958 2649 3433 3207 3747 2874]
[575 2300 2040 45 3923 1997 3261 3138 2761 3171 730 3652 3962 3818 926 2087 2065 1177 1262 1859 1003 1226 3148 3723 2264 265 848 2230 229 1563 91 1320 322 1878 547 3169 1193 1739 3100 2603 1958 3052 3268 1910 3797 2543 614 3673 2009 51 2776 3721 345 2523 1013 1897 3101 446 2057 327 2093 1142 1746 688 970 3893 3578 2196 1402 300 1862 206 2757 983 1076 280 2813 1541 1748 1302 1260 2813 1279 3666 1780 2054 3304 2809 3531 2717 1091 493 2412 2548 2039 2790 750 1879 2170 3955 3417 1376 258 821 2923 3264 120 1548 2903 705 2411 2464 122 1388 372 1944 227 148 1662 106]
[2022 3503 127 260 1940 682 2110 2493 3898 832 3051 2694 1041 1373 3229 3005 2158 348 2587 1964 2820 2520 433 3533 2430 1886 2193 3569 1055 3179 1575 630 4030 1785 272 2850 1911 94 2947 1367 1671 1301 3779 1952 473 1032 3619 3786 2706 2312 2123 1376 2939 2242 300 1391 1242 1439 2259 405 359 3673 452 1545 3890 3062 1102 759 3718 2328 3930 1607 1431 1481 2230 605 846 386 1855 862 2553 3736 3640 3471 558 11 175 1869 2584 2804 1798 357 1537 366 2863 4034 3437 885 1537 155 2283 2307 2937 1679 1458 3481 970 1365 614 966 3702 946 3123 3809 3525 2800 2603 837 1234 3981]
[3586 1868 846 2797 1249 3277 519 1919 2159 2929 1802 377 2097 969 3568 2691 1061 2173 1609 3347 3940 1520 3384 2789 1550 461 484 239 2365 698 1160 3477 1985 3934 2460 101 1353 3352 2444 1077 129 3271 3584 1382 1269 1154 1644 1922 2435 1260 3103 3086 1628 3610 430 329 1824 3970 2406 3691 567 1096 3039 4057 849 3882 315 3243 2285 1530 1568 196 1246 214 1704 2351 789 2666 622 1476 1479 3904 1617 573 2980 1505 1777 3259 2378 3295 620 2850 301 1076 1948 2769 248 1466 2032 211 50 1512 251 411 1878 3548 97 1848 2562 3098 3019 3689 1935 2244 721 477 3916 19 3559 3745]
[1876 217 1992 2054 3238 2329 1436 3053 1779 1396 1938 1756 2585 1334 2428 935 1985 4066 840 1413 1375 1479 1960 1724 2110 2005 174 1841 3945 2698 3716 1837 553 3856 29 1057 2260 1953 3876 2142 2710 4030 2789 1618 2919 1920 759 2279 2187 3931 888 1065 3228 2110 1000 812 875 1341 4043 3656 3633 3780 2255 142 3930 960 3864 1892 992 527 468 854 2425 736 2846 2679 856 3547 2582 1595 3476 703 1088 2351 2840 2888 898 1839 1851 2437 718 1470 2890 3136 1067 2051 1475 3208 3609 2024 742 4070 52 514 447 2353 2324 2560 3176 1260 2392 385 328 3628 1892 4049 2376 3000 2754 592]
[4 2479 2680 834 270 3910 35 252 3289 2851 1121 4048 1374 2933 2293 1916 3558 2899 3957 3092 1031 1532 42 2910 1816 1689 1916 3119 36 159 208 3001 277 1372 2490 3607 3157 3586 1654 2844 43 2272 402 2526 2335 2440 3703 4064 2276 1051 1913 203 3867 1841 299 775 3470 2540 391 3340 130 3333 2642 890 3666 724 3043 1215 2330 3810 479 2388 307 3986 655 365 1633 53 568 3351 3484 3560 1342 668 927 3477 472 619 631 3259 2839 2098 1942 48 2307 1196 2370 405 828 250 212 1062 2601 3062 3948 429 3087 2463 3892 2417 2362 2106 347 3918 1747 2631 2516 1738 873 2856]
[2983 62 98 3072 782 2846 2425 769 3957 1006 3427 3325 3527 3579 1752 1923 2333 3013 1599 3850 2643 161 2215 3394 2964 2337 575 3636 1130 2332 3828 357 3072 1300 169 3875 2373 3103 1269 2706 2285 263 2825 4034 289 181 1970 3993 2872 3117 3525 2079 611 2790 3935 3752 1074 551 1659 1541 1336 1183 2172 2685 1689 3385 2068 3899 2976 2840 232 1186 458 3465 3395 2846 525 3897 1897 2764 2343 777 1392 769 3141 3381 1031 2830 668 3344 875 3269 734 2116 709 1164 2265 482 1980 2439 941 3547 1450 3593 803 951 1608 492 2370 3999 101 1119 101 929 861 221 286 3130 342 309]
[3495 3911 1941 1332 1867 1762 3095 1604 3958 1870 3954 3706 2110 3118 549 1399 2481 2909 1950 1407 1657 1096 2740 2271 3065 980 25 2469 242 2640 1435 3646 2607 1011 2046 2677 2658 256 3674 821 4050 2135 544 571 3458 1344 3650 2229 1398 530 575 3099 321 3027 1071 2396 238 1678 164 2993 2184 2263 3853 87 4089 3765 1242 502 3194 1231 1138 3206 3124 448 1149 3510 1188 1968 545 2457 3260 1083 3932 2706 1297 180 3995 545 954 62 220 928 2687 2276 2268 3356 2462 3367 1338 3381 3520 2241 3654 4057 2250 2642 497 531 2123 3483 3968 4036 2003 901 2413 3591 1307 3514 3138 2372]
[1031 3413 2273 2668 1236 1751 890 2447 3528 2314 333 933 2708 2961 1734 787 3667 1286 1874 1242 2442 1175 2165 1924 2790 3118 748 1961 515 2413 2875 1613 3573 1227 109 2172 1754 2766 728 1622 3403 3319 687 3955 3131 1512 2110 373 3309 4001 3435 1748 3776 3004 724 478 3252 2405 1042 2587 3978 1397 3471 3800 3404 3199 862 3079 2183 3994 206 2259 1455 2541 3400 2889 2987 699 4084 456 1586 2894 2222 172 830 742 4083 3269 425 1871 990 2596 2517 1144 1891 3556 238 173 1913 608 2713 317 1695 2413 3233 3430 3120 2579 1562 2590 3581 2709 864 39 599 1898 1439 2755 3647 367]
[2319 11 1824 1649 3754 3287 3950 3593 4067 1794 1978 2904 1529 1359 1222 2889 3947 529 3851 291 2453 1242 3183 3656 747 2409 3850 2719 389 1843 3218 1172 2039 3829 3583 3506 2280 2698 1050 1182 152 3508 1082 1531 1784 1687 3234 2210 2181 3990 2546 2269 513 3853 906 1158 1542 559 2221 3678 2799 1523 3249 1373 3237 535 60 508 1150 2617 3224 2325 105 1390 2318 3346 557 3899 3547 581 2809 2820 3760 3654 3947 55 2597 1369 1974 2435 1532 3624 3900 3698 829 3107 2422 1195 3662 38 3342 484 2056 182 567 3267 3542 1923 1686 3007 2174 2970 1027 649 745 2014 3220 1691 3854 1107]
[1895 1166 3148 2206 4074 290 145 2929 2544 589 3428 906 1962 1863 2814 767 585 2320 1862 656 1843 2929 2722 2535 3437 2924 3418 1276 3321 2978 305 3435 1037 3002 368 1272 3395 2896 500 3415 988 1740 2132 388 1168 1392 1158 3755 1947 304 2543 2641 938 2955 1194 3967 321 164 906 3963 2365 2769 629 2931 1897 1327 730 2749 251 3696 2915 679 151 3655 280 1152 1544 3009 2230 947 2310 2714 3794 275 3305 192 623 995 1337 4070 3588 2560 1291 576 921 3421 4016 2517 2713 2906 906 1430 689 391 2084 2966 427 2241 1241 3767 3913 903 3681 3084 2434 1168 3408 2158 2673 987]
[1599 3990 2252 2408 1317 2179 1387 3878 3506 3829 540 85 712 1120 3930 3911 520 3159 1594 26 2479 732 3360 2945 1746 1449 1363 2567 1734 1377 3860 364 2733 221 93 2368 3758 454 2467 3912 771 3504 1189 2434 1880 3543 3320 2246 1275 2147 2370 3236 70 1450 415 158 597 3070 3069 980 141 2468 3977 874 1757 718 3 592 1577 127 3575 1157 1603 3516 2861 1777 2377 3759 3208 3541 241 1467 2851 1524 3336 1605 1317 2498 834 766 3423 1146 862 2880 2182 75 2892 540 625 1564 2063 2270 2067 3224 523 519 382 476 2594 3103 3362 3711 1359 3959 1119 272 2508 2362 1489 2857]
[1197 2398 3437 3012 2096 3945 1987 910 3253 277 1222 1585 956 2519 2639 227 173 527 1856 3372 2119 415 2173 2415 3526 2269 3923 1382 3112 1687 4021 1318 747 1804 880 3846 756 2710 115 628 259 2719 3621 3272 3467 3829 1035 2653 975 2317 1982 2820 1118 1534 2183 531 1779 1287 595 1165 3873 1668 3744 3828 138 2803 4025 2501 705 3783 2370 1731 2928 2656 1926 3220 3695 1780 3504 1203 592 181 813 1764 1332 1950 399 2421 3483 4071 3371 862 113 684 720 1374 386 3860 1800 601 2249 1828 1454 1063 1172 1649 1163 1547 3524 1446 919 3444 2656 3128 3706 714 1282 192 1390 3189]
[3896 1947 944 3165 2999 812 145 2760 1485 3496 2427 2472 3985 2944 2297 3222 797 1737 3343 1173 2195 3336 3415 2102 3442 2497 2259 1648 539 1334 2036 2656 356 3237 3969 3941 3005 1376 2840 1516 1321 319 1685 2487 3678 145 3743 2424 3831 1490 2604 360 855 233 3061 2995 926 215 3447 1520 512 465 895 273 731 1480 3055 2733 2501 1911 3512 1407 462 2230 82 2662 1025 2988 1430 1791 3118 2113 1537 3529 312 610 435 465 3162 2603 1577 64 2164 3994 836 792 1847 249 3797 4062 77 482 865 2881 1578 2550 4024 1211 2968 1301 37 2324 510 3108 27 3684 196 3530 2344 627]
[274 1725 3742 3782 3479 2932 117 1588 3056 2139 1386 3285 1071 2020 2602 3544 3184 3886 338 2640 3529 110 1889 3013 3692 1756 192 3196 3254 1668 338 2325 2754 151 2669 1884 913 1627 2111 1980 903 1248 2417 2156 953 1521 3762 3380 873 3579 1395 291 697 156 1336 2300 2266 2373 3790 197 2913 2493 3905 2399 280 633 753 2976 1074 1100 1845 693 231 5 2828 2050 89 3529 1169 1961 2465 318 455 2500 715 2344 2752 724 2860 3652 2877 1794 1351 1942 1368 3215 2742 170 165 742 257 1435 1713 3918 1173 1435 1216 3219 322 3141 1783 2692 3710 2619 206 1864 3150 401 3542 1861]
[611 2996 1269 1814 3361 3090 3071 2825 2417 1421 3777 1846 1560 266 3020 3633 2978 3831 3808 3595 1110 576 3742 4012 2153 664 1376 2516 890 2392 234 484 1857 2872 2426 305 3049 428 557 1644 175 310 667 2495 3998 3703 1825 526 1177 2394 338 624 576 1820 2163 3574 2501 634 1659 3605 2228 2270 1729 1035 984 1631 1375 335 2799 2141 852 1383 1389 3184 1937 1880 3344 2408 925 1597 2794 741 1477 209 3238 1002 3342 3835 264 411 3687 2276 1470 3924 3657 2862 2383 3827 2405 1128 3346 1226 2959 1632 1991 3834 2507 2102 1313 3991 1082 225 3958 2104 3870 620 2175 303 2793 420]
[2483 2370 77 1632 3656 954 2717 677 3564 989 1994 210 3320 1717 606 2271 3629 3493 4092 826 3780 270 1590 3817 741 1240 1960 3237 3743 3273 2811 1904 1508 155 3650 298 1733 652 1166 1844 2524 1472 416 309 1747 2056 2827 2207 2403 1562 3842 3058 76 3149 3425 1329 1513 1741 775 255 365 1446 3941 337 3514 2526 3010 3499 3316 220 4038 2056 2347 873 2097 3732 879 3981 1508 750 3134 924 1185 956 2745 3501 3125 2469 556 601 514 359 3817 449 1360 3014 2503 911 3955 3243 2678 1587 3760 2545 645 1482 554 2758 813 452 4083 499 3120 246 3540 1629 447 3494 3508 863]
[3936 1563 1447 891 739 1793 1001 2748 1813 3485 1321 2170 3111 3698 3766 3384 2763 3472 631 1081 592 701 3219 3601 747 1312 2428 3884 3991 2731 3052 2638 3541 2871 2959 2817 1168 121 2153 93 3979 2938 1295 3501 2219 3581 3039 2903 1614 3608 2436 3459 3373 3462 1743 3477 1021 937 1654 2367 3252 3205 140 2812 282 777 2241 3341 300 1599 2945 942 3461 3056 504 366 1456 3059 3838 2433 1761 839 3950 2237 799 1313 3485 2992 557 218 764 3668 1739 3807 1980 161 927 2474 3569 2215 1788 2892 3238 2573 2863 3530 1169 1013 3082 645 1220 3124 3915 1888 2234 3434 1410 2633 117 1123]
[2647 2112 105 3859 3810 2347 3857 2103 851 3770 1000 3421 87 2341 3072 3482 3713 425 1088 1761 1208 1962 3439 2487 1402 1316 1159 3560 898 855 838 3455 3991 893 3925 1629 3235 1292 2020 1290 4054 1801 1074 3793 1277 193 2942 219 3292 623 1151 3779 1608 3676 2401 560 83 896 3599 1656 769 1017 4089 1702 1799 3557 1992 2640 697 1228 209 1904 411 2547 2999 2110 21 1237 174 372 1523 3370 1577 1866 1043 3876 2539 1067 19 200 2021 16 1376 1085 1088 891 1320 2013 1833 3936 2668 3235 3444 1250 1855 755 1601 213 2217 3004 3783 2234 1531 2765 973 3468 2200 882 2535 3434]
[2503 386 1822 520 2506 3488 3971 1473 3019 3359 2971 3564 1029 4054 2910 1082 1 1317 2611 4079 194 2654 3866 3797 1670 1670 558 1989 1597 3502 3616 2866 2650 146 3 2640 1907 1389 704 1811 3320 1326 1882 3600 3784 3303 2965 3400 3359 800 1618 3028 462 68 450 853 1118 2348 120 2693 1693 1034 3510 3500 2216 550 1877 2756 2261 2115 3392 2860 2852 1895 3505 394 3467 2771 915 912 2150 1363 3076 20 827 922 2031 1611 1671 3618 582 3638 3376 3445 3351 192 1197 2451 1905 951 570 1124 1165 1157 3742 1979 1577 2384 2949 2317 1564 4024 2267 2668 2215 2906 37 147 344 3308]
[1384 977 4042 2135 3588 993 2073 1342 1238 3908 2351 3511 330 3243 1278 2167 1517 413 1174 1866 2277 746 1677 2819 1913 3394 2103 2950 2732 3397 1361 1970 2463 372 3653 2304 3045 3275 992 388 2061 2984 1421 3505 510 1934 3218 909 3621 2954 1615 494 1623 698 2406 2316 4060 1882 1473 2661 595 2011 2507 582 2038 1066 288 2546 2716 3031 3733 821 2686 1058 3013 3481 550 2990 3813 1302 439 1745 2732 3463 812 761 3641 2984 3816 628 1340 938 2520 232 1083 1967 1507 620 3362 2709 3533 3908 2872 1553 423 2891 857 3045 2767 3160 3297 3231 204 2433 3497 2288 121 2525 4058 1369]
[2101 547 3545 3059 2730 191 1956 927 3627 463 2865 1652 3052 1500 824 3339 3563 2945 2091 2476 3343 1148 1135 1736 1490 75 2918 3191 2815 529 247 790 1268 1125 2001 204 3457 2530 609 1393 3455 2324 2701 3411 2778 1089 933 1299 2678 3346 612 3934 3430 721 2294 3973 654 518 4084 2063 2277 1174 599 3354 2175 2572 3950 759 312 306 2542 855 1444 2259 882 2908 2395 67 2312 1701 2147 481 1546 958 2615 3934 1768 990 2908 3680 571 3132 1753 2960 847 2879 2894 1291 1903 2530 2120 2560 943 2505 1646 709 3584 1574 3901 2210 3223 607 3513 2924 1135 1480 687 3954 2949 2651]
[2581 4038 298 432 858 3097 607 2836 3762 2578 457 299 1132 2039 718 518 92 989 3135 3329 1968 2073 760 266 3507 3959 1649 2494 2393 91 2701 604 3722 487 1332 2341 1887 2016 831 3612 2318 1200 2341 2430 1627 2522 1731 3740 2285 3921 2653 3152 3753 3899 2863 3288 2256 3333 1874 1293 1546 2241 2515 1264 1572 3926 1977 1612 1922 3269 1270 3971 2707 1680 788 176 2756 3245 2762 952 797 4061 549 1408 1872 2874 404 4089 3356 3463 3877 2297 389 55 219 325 246 209 3033 3000 3820 4062 3136 3869 3679 3188 597 3960 1183 2586 2309 724 2318 1459 800 3819 2772 2287 3543 3674]
[2191 2458 101 205 2191 3315 1378 1604 3873 2904 783 411 2061 2793 2046 1878 3610 3922 2691 3073 3437 2306 1204 74 3987 113 2310 3198 100 1851 1515 1854 1323 1213 3405 2434 769 2855 3387 3662 2839 859 644 2236 1258 1279 183 508 1792 2466 3198 1917 3160 2826 3487 2172 1925 1086 2336 699 2220 200 1055 2083 3 1670 1263 1897 2063 2934 3061 3803 1267 2019 315 3385 2251 1845 1328 3928 1815 3811 2762 1522 1760 1080 2807 1821 455 188 437 2012 3732 1653 3700 1262 1325 3402 819 2820 667 409 1248 1303 2240 88 2171 2032 2223 1226 3201 2146 700 348 687 1081 813 2773 1926 1370]
[1216 2835 794 996 939 1228 1373 1706 101 3418 3503 3574 1726 1329 4025 2172 406 4065 3058 2326 1182 2203 3865 4013 3108 1396 2260 201 4059 3114 1789 459 3417 1290 2710 1653 2978 709 2760 2988 3676 2814 3883 1590 3610 907 1609 3218 3235 2415 1794 2645 1568 2413 1937 2692 3141 2799 2771 165 1212 1244 2038 1891 1660 2250 3289 3927 1886 3991 3963 968 2075 1629 837 2692 1480 3655 2484 3608 1757 2618 3192 642 366 279 3876 2525 384 3025 4063 255 2933 1808 53 2177 1728 4069 1336 1350 1780 3851 3173 3715 519 1128 2428 460 1715 1258 733 1024 3113 3667 315 735 3599 1671 3340 2355]
[3065 3636 1576 608 1444 3323 2385 2088 1202 3817 787 2067 3637 4046 2011 2501 3447 2314 3163 786 1415 1379 3442 4045 2882 1494 1676 132 566 2572 3764 234 450 3850 1135 1898 3586 243 2571 992 1157 2239 2757 3149 1726 3235 50 897 1656 771 3287 616 494 2884 911 2358 1213 2806 469 3553 2406 660 1754 1421 3654 2508 1141 1874 742 2159 1059 553 170 46 1682 2892 3679 1500 2373 2860 522 2420 2038 18 916 2840 3584 4011 1269 1848 3047 3516 3772 2901 2278 61 3456 2114 3449 3180 601 2002 3138 2987 1157 1697 1618 3031 3376 674 1405 2241 3775 2268 3369 3160 679 1021 2130 2582]
[3232 1114 2799 3086 3299 2812 3475 494 2120 2239 1447 2267 1800 3976 1847 2632 2697 2812 3187 3355 2329 2081 712 2229 1702 3323 4023 1507 3335 3507 3591 2195 1316 2483 1839 3727 1092 1232 3820 530 1326 1119 692 2838 1573 559 1077 2467 1131 2744 1283 1717 3033 3304 723 1494 1591 1436 2208 2276 3015 489 1269 345 2530 3420 2252 3141 1613 3719 2179 955 3534 1866 195 2701 2423 1204 3281 3838 975 654 3895 3816 2806 993 1202 2944 881 3780 3499 2308 3708 3811 903 3495 987 564 1301 2454 3944 1742 56 1888 838 1039 1525 2381 2336 3942 2355 3055 1888 4042 603 3415 1538 2951 3864 1308]
[1547 763 1028 1762 1516 514 2180 669 3290 3274 525 2271 204 1553 1105 3053 507 2846 2526 1778 1295 1496 2957 2509 1402 3552 2360 461 3265 1446 232 1404 275 545 400 3141 3875 3528 955 675 2776 2199 3510 3377 3244 105 3858 1169 1711 1566 4000 106 2202 2458 3033 793 2513 4020 202 3208 3423 372 4088 3752 3106 2512 689 573 1251 1991 3203 1896 1729 3465 3046 3255 3615 1928 1163 723 3545 3932 1074 2973 2100 2927 3924 2726 1974 1450 3058 2199 3083 3496 3676 1767 484 2448 1667 1611 3052 3755 2187 2932 2305 3831 338 705 3261 3257 2562 1978 3613 1383 3929 1637 3744 4007 2801 1545]
[2479 3409 1047 1228 2386 4026 93 1133 902 4085 3924 2003 1154 3 3579 2294 2744 3105 359 1595 213 3526 3790 3800 1937 3495 2972 774 1634 484 318 740 2986 1266 3928 3093 2979 1536 2351 3931 3759 1635 1759 1714 3527 1931 1890 676 1061 3326 1487 416 945 1449 1351 367 3671 187 1755 1363 2180 3414 2873 909 2060 3609 2013 1023 4063 983 102 3743 4045 3742 433 3923 563 1960 2770 1807 970 2636 1830 1213 2181 1034 3476 1854 475 607 636 3497 179 676 836 3668 2821 3564 3903 2799 1732 687 4000 3794 3023 3721 2299 65 383 1434 2189 595 2226 1350 1687 2867 3759 648 2863 3322]
[1030 2480 235 3308 426 1636 368 3742 1329 3633 1351 2223 1668 2224 211 2780 1364 2950 1918 3264 2075 2300 1375 1755 2541 3571 634 61 3747 3954 1961 767 4067 2199 2259 2313 408 4092 880 2120 2482 980 1002 2683 771 312 1460 1965 785 2563 1896 2165 1941 3939 3024 2577 3552 3002 2044 3439 1206 2815 3331 2905 1714 4083 1500 1625 1990 3379 2451 1306 4082 1493 1082 2369 4030 3286 3205 2005 3321 601 686 2582 2842 3337 2908 897 2811 776 30 1979 517 106 437 2626 1583 2379 30 4024 238 2916 534 2917 465 3443 3640 2328 512 1834 2238 1764 1682 2904 3211 3238 1844 1734 3509 363]
[3973 3453 1437 2339 1342 3184 392 1429 103 3295 2495 3534 1193 2464 3774 1921 1974 1167 3085 790 3948 1567 2307 1970 1876 3719 3388 2277 3697 2162 301 3299 3966 703 3642 1046 2300 542 1486 1092 311 2127 3491 1405 1043 1818 759 2735 1259 442 3792 2986 4080 735 2302 3072 5 1330 732 2727 2541 1134 3900 4042 1650 3530 2733 1489 2906 3420 3735 120 2376 1597 3808 3070 1300 430 4060 122 188 3101 2068 3266 1583 1821 2281 4004 1084 3327 4087 9 1519 3409 3420 709 1968 1504 1092 194 3029 1721 2732 399 985 817 3347 2394 1383 1217 34 2909 619 2556 1675 1140 3018 1638 1643 3722]
[3323 960 2041 1734 1887 3932 781 3025 2322 3123 3830 970 1426 590 4079 4024 2068 1005 1926 649 3249 2051 13 864 1301 3598 3498 309 1831 4059 1890 1223 2852 3061 3074 3429 176 1549 224 2468 1979 288 1825 3427 2055 2492 1993 3899 1321 568 1514 3291 1376 3644 341 998 3652 2833 641 2905 1908 3582 798 547 1414 3958 70 3372 952 3236 540 3054 2535 2877 2633 363 2403 1589 2015 3696 3097 931 2739 2516 1006 184 1042 2038 2733 3702 718 980 1473 2391 2402 2886 2195 454 1218 2547 945 2750 1090 1286 3712 1381 2622 2451 4002 2603 4087 580 2878 194 2649 2213 2498 681 3959 2255]
[3566 174 1570 2299 3523 3578 1892 1387 3818 2195 1323 1833 387 2764 3431 2572 2943 65 3296 2039 3160 866 1869 1780 319 1916 3133 335 12 635 1337 1144 2339 3830 3955 1703 1289 1896 1290 741 3604 403 2217 3471 31 800 759 2136 3517 1806 1569 789 2646 1170 1555 1469 3909 4021 3413 2437 2851 524 599 699 3419 978 633 1620 3149 958 292 2031 1446 99 2369 1874 1118 2530 3841 1115 4009 2159 3349 3889 2448 1318 2282 352 411 2478 1306 110 912 181 3241 642 3943 670 3399 3516 3389 261 464 4009 3015 2406 2818 1500 262 2636 3392 2286 854 1704 2814 1958 3786 4010 1356 11]
[494 1880 1378 2285 1413 2659 3170 1432 2666 3154 2219 1376 1273 3477 4059 1077 962 1047 3918 823 383 958 936 3224 524 373 2631 3063 1043 1566 1539 3386 1537 2454 2586 1244 3519 1609 1694 857 3864 3275 1054 74 2247 1221 2673 3181 2978 2444 3439 2216 4009 2448 4040 3057 3589 1648 662 1149 315 164 2830 2839 3409 3384 231 477 985 1392 226 510 3087 919 440 857 724 944 1518 993 1777 1958 1150 1916 75 1050 330 2576 3264 1345 3936 3016 531 3555 347 936 157 2230 2006 3921 1832 450 1641 70 1621 1507 2258 494 25 2851 3164 1799 938 792 110 66 2650 1019 2030 1116]
[2152 2503 917 2398 1668 1240 2308 2334 1928 3236 3218 1470 3195 2631 2820 160 1649 3962 310 2839 2149 3531 3744 1981 2171 1222 1926 1851 2590 944 1871 825 3659 2652 3693 151 2512 2104 2809 1984 2175 2236 3481 1664 1009 3266 2022 405 2892 2831 3183 573 661 3475 1595 1775 1000 1981 1087 24 340 3683 757 2952 3749 1241 3886 4009 2391 3142 4084 1612 3149 1430 3449 430 369 2411 562 475 2271 1195 2616 3992 1694 1553 3938 3165 3111 982 901 39 158 2993 3731 1265 2432 599 3314 3324 1316 1339 854 502 3009 2949 2553 2138 2568 878 703 3357 2119 1075 533 430 2179 3156 2644 2941]
[2857 23 3152 375 1592 2790 506 3389 817 3216 3144 2389 3746 748 1965 306 2989 3496 433 463 2647 3506 432 3764 1629 2506 2591 2713 3351 3124 447 178 3121 2584 2596 695 3042 886 3693 1240 106 3761 2529 2787 850 828 3049 1331 1673 3760 4069 2593 2712 2493 1624 3327 931 267 728 3652 246 3591 353 3681 1668 3571 3333 3924 3913 515 882 410 2577 1871 1770 1359 3438 2549 871 3888 2836 1576 258 188 3329 3481 1166 3860 271 96 1985 1711 2592 2091 1907 2902 2907 977 2883 1346 2375 1016 2066 2086 1414 141 1161 830 3199 3315 2732 3953 2009 3097 3727 1342 24 3283 3965 2637]
[106 3559 3649 2221 1107 3928 774 3427 2636 3968 122 2946 1769 1874 52 3402 2614 404 2032 1933 1777 56 1032 509 2587 4050 1728 708 745 511 3517 3278 442 2614 3939 3187 553 3292 2286 3108 4058 539 484 2886 931 3708 2596 808 1844 786 609 577 2396 2936 3077 2672 2817 2966 4043 2905 1814 1742 2571 3360 457 3814 119 2575 3197 2511 935 1900 3338 1197 2469 917 2024 2923 3102 4028 2051 3543 1955 916 3852 739 792 4035 1077 1171 2577 3165 4078 3756 2732 602 3121 405 3595 1380 2916 3247 2854 2182 1587 3473 2744 2149 2555 1595 4071 2470 4012 1218 2124 618 2679 3115 3439 2394]
[1843 667 1724 3688 2621 394 3789 3136 888 19 3137 3811 636 1594 1847 3519 2613 1154 3157 1845 821 470 2719 544 628 3485 99 2095 2027 2469 1852 109 1864 3668 966 3566 2246 3431 2653 2431 2511 2267 2006 2520 3191 3830 1674 1689 1645 2550 144 979 1142 523 2586 2682 2078 2721 1 2988 3760 3141 4045 3462 1996 1927 2838 1367 3210 2493 3965 2680 3343 1310 1065 295 4002 2623 2270 1845 3295 3888 3336 2532 3739 3172 3242 1175 2258 1182 1307 3402 419 1060 2591 2514 3410 1545 1840 2154 2372 3944 1628 1652 1380 2751 3335 1631 3941 2813 3634 3821 38 1068 348 793 638 181 2201 2833]
[1419 2193 1105 785 1303 2132 1386 4090 1957 2602 3051 1307 855 2873 1491 1005 3535 1364 566 728 3820 847 2752 687 674 2326 1705 12 1318 1290 3582 1383 1886 746 343 886 1684 1615 1312 3707 319 1700 1895 2721 2426 528 3094 3502 2056 3220 324 2267 4052 953 3301 1880 448 1616 1360 376 3979 2656 2441 1573 161 3796 1284 435 2639 2058 3293 3293 3654 3607 3198 3901 1448 720 3859 2656 3046 2780 3239 2082 700 241 2214 3129 2841 1857 182 644 2437 3965 1714 3890 126 152 1557 3673 14 2603 2006 2840 615 1327 3995 1707 2516 4083 1080 3302 1963 1407 2354 924 3312 2126 1683 598]
[1588 54 2816 2361 3505 3462 3095 2629 3757 275 3898 3387 1279 2302 1865 1483 2528 2197 1212 3708 2829 1784 2945 2536 3315 2832 3759 309 1460 2176 3262 1250 2939 1575 326 2087 2676 3725 115 3964 3590 3057 1121 486 388 3987 1999 3405 3805 1975 1477 3388 1690 3160 2582 2607 1008 2420 2395 1470 1548 317 3729 354 13 3958 1292 2690 3061 1454 3782 9 3214 2917 2989 2035 3425 3128 2469 2377 3780 3814 3951 2413 2136 1793 1806 156 1485 1052 1988 0 752 3246 945 3442 2520 1903 882 528 3224 3364 681 1541 2082 2673 2020 3336 2552 2919 1715 822 2421 2351 2031 1836 1483 523 3685 2753]
[2398 3310 2740 3966 2051 1590 3350 700 574 875 2167 1527 2595 2129 2971 3227 3042 2072 2427 2253 2774 3818 2246 2066 3810 2816 678 236 111 395 1898 1242 2679 2144 3542 794 847 1528 3333 2340 3920 736 3161 3825 2434 62 2297 2072 2633 2288 839 1118 3486 942 1652 3021 1813 2599 2941 2417 3792 2427 2022 3810 2684 552 1820 2662 2549 108 3625 3972 1926 2123 3782 1257 962 300 1630 1669 227 2867 4085 896 1395 2816 2872 141 3141 3618 1246 2017 2720 1144 2277 4042 4051 2032 119 390 2617 1982 4059 2073 3464 1439 3895 990 2475 1152 1616 2430 2158 2100 939 256 1651 3191 2015 2278]
[1325 879 1690 1324 3606 904 3591 3379 1217 442 316 1587 2069 2221 1820 221 3645 1738 1690 1670 831 503 134 2771 1393 2537 2156 1155 875 3586 3401 1699 3869 982 2058 2315 1355 3614 2079 1289 2079 3858 2207 3118 2812 3835 374 1781 3699 1713 3822 3619 2501 506 1960 195 2109 343 4044 4042 2774 1934 243 1326 2254 3309 1351 3303 348 2883 3100 624 1081 1227 3038 1857 3261 1464 1775 2125 52 2273 2218 2891 396 1169 1368 2606 3165 1956 848 975 3093 2061 477 2866 3090 2872 3908 2807 3916 2870 771 3891 981 3340 3582 1329 1543 1415 1118 2391 3696 2991 2963 3839 1676 1278 3069 3963]
[3128 1698 2048 2315 67 3524 3094 1769 1739 3135 2079 557 2418 1816 213 849 2949 1957 3636 2527 2935 3498 3117 849 3567 3249 3708 69 2619 3806 537 2048 2060 3079 1645 2233 3441 2422 349 3604 3023 898 3861 2920 47 1543 1002 3327 1913 2522 3996 3393 3559 910 3292 3206 3014 2054 440 2584 3765 849 4078 1778 2464 2904 1702 813 1653 3883 2777 2779 1049 2337 3158 1049 591 2156 3790 2435 1307 1242 509 3718 3204 4072 940 1111 1474 139 1453 2459 2194 121 923 2916 1016 3753 2131 867 1847 2955 1310 2067 2739 422 1255 1294 3251 3775 1409 1299 1885 2807 3401 2979 1643 1300 2264 1490]
[206 3389 3244 4066 2944 470 3177 582 434 675 204 1273 157 2138 3814 1436 2476 1625 3034 2211 3554 3373 3824 2164 1164 232 3975 1285 1612 2968 4055 2995 2878 3737 945 2390 2860 1728 1371 355 3975 3353 1171 3998 3113 3106 1994 2376 3888 3366 243 2279 2553 1752 3624 3709 1745 302 3432 3941 736 1987 258 310 2730 1798 2463 3249 2718 2595 2924 3264 2640 2783 2570 3306 3298 3940 105 1941 224 780 2247 3444 568 326 1655 2582 376 3473 3115 3911 1629 1752 4001 575 3986 3652 4015 3284 2600 1739 746 1302 278 2901 4082 932 1503 1656 1257 1998 3464 960 1200 2139 3095 2086 806 763]
[3840 2787 756 201 3751 505 914 2019 1160 2626 3018 492 3809 3450 3702 3660 3169 1817 3802 1917 174 510 2775 910 3829 105 1063 1422 515 2389 3482 874 524 2684 2007 3115 1207 3842 3666 472 79 577 566 1983 2767 2191 1537 542 2759 1690 1433 1871 3379 497 2300 3215 3399 704 1338 711 2580 3165 482 3712 1231 2879 2912 2956 531 3761 727 1636 2803 965 3594 3619 3937 4088 3394 2751 444 1156 1406 2472 1119 4085 1680 3264 1990 3626 100 2509 323 1277 943 3620 2035 1104 2770 3726 1982 2116 3726 1671 3133 954 277 3220 1271 3017 3708 2817 3981 1294 1523 2226 4028 1820 3372 2572]
[2888 638 2362 84 1670 2327 2489 3048 2827 1917 2978 18 833 1812 1915 1732 1943 562 2831 1179 3582 1259 911 2550 1643 279 2920 4001 3801 1172 3172 1434 1541 1575 1817 99 639 2246 351 3597 104 3789 1680 3001 1758 3608 2443 3924 476 708 536 1747 394 3280 3029 1490 885 1153 1112 1359 300 2810 2792 1240 2210 621 3393 1324 1383 943 90 2219 3794 2444 3041 27 1077 3942 1564 3747 3098 3624 3953 55 793 746 274 746 1846 383 2457 2088 1906 2463 2628 1635 1857 3984 1787 1879 3010 3186 871 830 2282 4066 3015 2240 3026 1971 347 1337 1978 2647 1310 2978 102 2492 1189 4073]
[1916 423 3843 3787 1615 3785 3848 2894 428 2044 405 1399 1240 1317 3453 783 3832 3935 1734 498 2381 3988 2532 4043 3185 48 1862 2422 2044 3476 2150 1864 912 484 2109 2191 1796 2672 3236 1275 23 2412 620 2987 2724 1262 3526 273 3788 528 2520 3143 2570 2561 481 2705 784 2478 557 487 2117 3256 3223 3887 2414 3540 2850 527 2317 2488 518 2001 3585 3619 3854 1893 58 1836 2915 1223 2093 3460 1891 2212 2528 1295 2217 1955 347 3937 2874 2863 793 1296 1685 3162 2118 433 1686 2656 157 3425 3318 1320 2780 3525 2955 759 3421 2856 1854 3647 1157 975 3747 3470 3195 4023 1169 3773]
[2363 3081 597 1602 3177 3796 738 2533 1735 2675 3856 791 2333 315 1707 2980 0 3682 3187 555 696 3176 2758 3848 723 3625 3457 83 509 1683 2347 2224 3432 4009 3584 2393 782 3827 3852 1838 209 2489 2615 434 907 3387 383 583 3492 348 1007 2798 2118 1130 4091 1732 2734 3790 2740 2478 1378 3564 261 3206 519 3811 993 2505 3845 848 468 3455 431 2615 1866 3469 289 2018 1549 2370 2199 2392 792 137 856 2871 92 1600 1929 67 3316 2380 3536 3814 1622 3740 2428 475 3107 2415 2018 625 2514 2905 243 2799 2223 2181 45 1580 533 2723 2832 2736 701 3919 1648 1527 3693 2461]
[3950 1958 1510 1455 1822 1114 3449 246 102 1530 3109 1204 2043 1680 1417 1283 3526 2117 1542 2164 3863 711 2793 2221 1691 3156 3962 3302 2665 296 847 3838 3227 1606 1488 3284 1150 2330 136 3374 1794 316 2130 3974 846 3684 3823 4021 3246 1788 3748 3710 1492 3983 2439 2368 1754 439 3949 1256 3252 3929 824 2524 237 763 2169 2355 767 2252 279 2106 2431 981 3676 3892 554 1988 1665 3949 3972 2607 38 2597 905 1535 1348 3761 2318 1921 2778 2053 3146 1247 1648 3049 3188 1693 970 29 1952 2204 2199 4080 87 350 1430 225 2920 3945 1272 353 1604 2724 70 1412 2171 1126 1191 3511]
[3601 1996 3447 2862 3488 758 2043 1469 2050 2701 2189 2378 3229 1411 3089 2967 3940 1502 1087 3800 1559 1852 293 1221 3018 527 3554 1569 3152 2876 6 312 3024 1544 599 67 846 1226 1576 1246 3674 351 1078 2366 19 2697 2683 3896 576 723 3279 1787 3230 1836 1884 377 2694 473 529 1561 1168 3656 1287 357 3028 1438 2816 1748 962 2908 2655 2334 1757 1865 975 3461 3565 2582 2931 674 594 3428 3469 179 1807 2336 2771 1881 1831 1238 3996 1622 1617 2487 1813 3033 1987 2612 1226 1001 1615 2438 2319 2105 3216 3506 3183 1130 443 3329 2030 2588 1814 3189 248 3134 1644 2414 52 1632]
[2668 2347 233 3547 2501 3113 2274 2314 2643 3141 2846 1008 3919 2991 3652 985 4068 667 618 2327 366 2366 539 1189 3050 2708 201 3123 1484 1549 2704 1810 1621 1808 936 441 3172 2214 8 1523 22 2194 2779 1865 3010 2660 2991 188 1247 3225 2111 1517 448 264 952 1691 511 1302 3412 2047 636 3005 2747 957 1706 237 1765 982 86 2928 1654 1835 1805 1012 2567 2670 2685 3025 286 3586 4047 2242 1126 3329 3513 1767 974 744 3767 127 2388 3175 128 1531 3655 907 777 2166 216 1141 3031 3556 847 356 1405 2865 2102 2457 2397 1779 1546 1464 3264 986 909 2544 285 995 343 3546]
[773 2041 3267 2588 761 3587 2505 2011 1658 692 3082 3428 2518 1692 2632 3352 1532 3268 3292 963 4002 1303 3016 1860 3984 238 1534 2172 215 3573 1544 2477 820 3102 3214 3678 3570 3039 3070 1146 1124 740 3487 3010 1765 306 179 424 2192 507 532 2353 318 460 541 2192 254 780 1078 3030 2547 315 2819 2255 1884 3707 1743 1453 3492 3851 1275 3822 2557 3911 3806 3133 2239 1368 1900 2367 3032 2935 315 2372 3054 854 1130 730 1754 820 273 1059 776 1627 3752 3838 2527 1772 903 2718 541 2742 2532 2527 3810 2231 3703 1514 3719 3220 3815 919 2515 3187 3313 1114 1292 1374 2489 2101]
[3071 96 2832 2311 1904 2518 1091 3134 1486 636 2785 1012 1465 1528 307 3215 4047 2400 3588 3778 2032 4088 1306 64 297 2824 2958 3545 2693 1556 801 978 3227 3302 923 3027 1938 2764 62 554 2357 450 3577 2399 1449 1913 838 2832 2241 2080 151 3454 3017 1018 3963 1175 2205 1624 1530 1902 1970 2821 2429 2984 3681 2500 2258 1320 2738 1298 3991 3355 2881 2389 1740 575 4004 2285 3160 653 2916 300 1178 2835 2240 2434 1226 1091 288 3014 2213 3003 302 2269 3083 2258 567 2713 1859 4070 3929 1743 1266 1111 3991 2461 88 2804 1571 3561 2781 2346 2001 85 1927 2870 2645 4018 2344 769]
[661 3446 1166 62 2488 1298 1911 3826 1917 35 3567 1447 3464 3341 835 3089 367 568 3605 509 1377 3169 2322 3811 2893 1345 856 1570 1857 673 1260 657 1099 377 1449 2411 957 1156 1367 1973 2601 1609 1542 3575 1276 2202 1963 3338 632 2855 3284 2891 1271 3172 2670 1522 828 1289 3480 3740 871 1909 1899 1521 2871 2399 3333 441 2300 3151 2131 3172 3386 1215 2944 2938 1791 1833 2735 3538 1860 2238 660 1978 671 1661 3909 1960 984 3458 2636 2117 2389 2893 3403 1962 1824 1276 3541 685 3329 2061 1427 449 935 1832 923 1069 3831 52 620 3929 3619 1276 2553 1279 432 682 1888 387]
[834 1591 631 3156 2076 3062 3077 794 1849 840 2544 432 2151 180 2621 1536 1743 73 2559 3686 2013 3719 2795 2601 594 3760 2493 1029 2284 807 2765 1298 2708 151 1215 2360 107 529 2515 1776 781 2077 682 2149 3656 2474 610 3853 2543 1271 1187 141 556 3018 2141 2242 1735 792 1861 3859 2321 3306 3598 661 849 3158 2487 2879 142 2989 1212 2673 1047 1614 579 3130 1857 994 429 3033 3914 789 2405 1995 1724 2693 2796 3034 887 1969 1171 229 915 640 804 1491 2771 17 637 908 2232 3459 1661 1573 36 3082 2725 2059 793 84 242 3407 3697 1051 1674 1837 2088 2757 2555 645]
[416 294 1159 1667 456 3733 2343 38 2222 67 313 3182 3849 1576 2116 1615 2096 3975 3430 426 965 464 2117 2464 3117 1371 632 2790 1282 778 3226 1556 442 1711 1539 3882 3252 1681 3309 1328 2701 299 1866 943 2663 1134 1793 210 2892 1914 440 3361 2013 1250 2697 3495 3487 3947 883 3763 2351 3894 3219 3561 3904 2588 3195 2847 3419 2937 1193 3807 3766 2182 3460 2785 3593 2516 320 2492 1581 2808 3434 4039 3677 3738 4076 2496 1145 3970 2849 3340 3303 3427 2233 3056 3947 3808 1148 1532 3388 2832 216 1323 1659 2683 602 1094 3530 390 2005 1675 3972 477 2676 2256 3388 1105 628 3870]
[3642 561 2900 3365 2599 3851 3153 3843 875 1925 2123 4011 3569 1442 2327 2534 3512 794 2025 3148 3505 1682 2736 2488 886 654 3345 2772 3951 2999 3731 3204 2852 1007 2291 848 2855 767 2206 2828 924 2982 3241 3755 2113 556 1022 386 1892 1426 631 1662 537 2344 2938 1278 3237 3883 3863 3435 2758 1941 2901 763 3789 472 4024 3963 3044 651 2096 3813 2262 660 1731 1218 335 3429 2736 856 2426 926 3387 222 2052 3400 3117 1461 714 1369 196 950 850 3150 430 1938 3691 2865 1983 2918 1890 377 1043 795 819 1581 582 2813 2577 342 2288 1434 910 524 2064 1024 1197 2939 997 43]
[297 3845 3407 2947 1898 3254 3459 1461 3933 2761 1356 2235 2807 1463 3863 450 987 207 2817 223 2826 1358 4000 1044 2184 1642 1088 2751 2085 3490 2349 2964 2470 627 3115 924 981 2954 683 195 1968 3012 3785 495 3361 949 369 3543 1645 2242 326 1698 1663 3778 3260 2100 1515 2715 3919 25 1786 53 1758 3785 2187 1067 2777 2615 4068 296 3420 830 939 403 1911 985 2772 2268 3888 3057 809 2429 3383 2750 2784 419 1372 3043 1764 2363 2342 1584 595 938 2529 2262 1992 2238 180 248 2320 1614 4016 1851 3403 1176 3100 1610 126 3466 2763 1786 598 310 305 3608 212 2276 3396 2954]
[993 801 3601 3766 3804 4031 3643 3217 3052 4023 1921 1901 2733 3430 613 848 2759 2607 570 3321 2722 246 1993 1236 1735 1696 205 1282 2260 2593 2209 2774 165 4067 3679 15 1057 261 2419 466 1046 2131 513 1626 1661 4064 98 1314 3980 2876 2147 4035 1782 18 674 1877 3009 818 475 2461 2682 3967 3070 573 2714 1658 3517 430 3851 2526 2506 32 1700 2623 880 2596 1822 6 1172 2582 1113 576 3245 3543 2894 2036 1747 3764 3228 3831 1874 2642 3955 2788 3037 3189 1049 4019 2221 1189 455 4070 2645 60 1308 2386 1802 3070 391 3687 3882 1649 744 3911 2287 1943 2724 2872 2169 416]
[4093 0 0 0 0 0 0 0 0 0 0 0 0 0 0 0 0 0 0 0 0 0 0 0 0 0 0 0 0 0 0 0 0 0 0 0 0 0 0 0 0 0 0 0 0 0 0 0 0 0 0 0 0 0 0 0 0 0 0 0 0 0 0 0 0 0 0 0 0 0 0 0 0 0 0 0 0 0 0 0 0 0 0 0 0 0 0 0 0 0 0 0 0 0 0 0 0 0 0 0 0 0 0 0 0 0 0 0 0 0 0 0 0 0 0 0 0 0 0 0]
[0 4093 0 0 0 0 0 0 0 0 0 0 0 0 0 0 0 0 0 0 0 0 0 0 0 0 0 0 0 0 0 0 0 0 0 0 0 0 0 0 0 0 0 0 0 0 0 0 0 0 0 0 0 0 0 0 0 0 0 0 0 0 0 0 0 0 0 0 0 0 0 0 0 0 0 0 0 0 0 0 0 0 0 0 0 0 0 0 0 0 0 0 0 0 0 0 0 0 0 0 0 0 0 0 0 0 0 0 0 0 0 0 0 0 0 0 0 0 0 0]
[0 0 4093 0 0 0 0 0 0 0 0 0 0 0 0 0 0 0 0 0 0 0 0 0 0 0 0 0 0 0 0 0 0 0 0 0 0 0 0 0 0 0 0 0 0 0 0 0 0 0 0 0 0 0 0 0 0 0 0 0 0 0 0 0 0 0 0 0 0 0 0 0 0 0 0 0 0 0 0 0 0 0 0 0 0 0 0 0 0 0 0 0 0 0 0 0 0 0 0 0 0 0 0 0 0 0 0 0 0 0 0 0 0 0 0 0 0 0 0 0]
[0 0 0 4093 0 0 0 0 0 0 0 0 0 0 0 0 0 0 0 0 0 0 0 0 0 0 0 0 0 0 0 0 0 0 0 0 0 0 0 0 0 0 0 0 0 0 0 0 0 0 0 0 0 0 0 0 0 0 0 0 0 0 0 0 0 0 0 0 0 0 0 0 0 0 0 0 0 0 0 0 0 0 0 0 0 0 0 0 0 0 0 0 0 0 0 0 0 0 0 0 0 0 0 0 0 0 0 0 0 0 0 0 0 0 0 0 0 0 0 0]
[0 0 0 0 4093 0 0 0 0 0 0 0 0 0 0 0 0 0 0 0 0 0 0 0 0 0 0 0 0 0 0 0 0 0 0 0 0 0 0 0 0 0 0 0 0 0 0 0 0 0 0 0 0 0 0 0 0 0 0 0 0 0 0 0 0 0 0 0 0 0 0 0 0 0 0 0 0 0 0 0 0 0 0 0 0 0 0 0 0 0 0 0 0 0 0 0 0 0 0 0 0 0 0 0 0 0 0 0 0 0 0 0 0 0 0 0 0 0 0 0]
[0 0 0 0 0 4093 0 0 0 0 0 0 0 0 0 0 0 0 0 0 0 0 0 0 0 0 0 0 0 0 0 0 0 0 0 0 0 0 0 0 0 0 0 0 0 0 0 0 0 0 0 0 0 0 0 0 0 0 0 0 0 0 0 0 0 0 0 0 0 0 0 0 0 0 0 0 0 0 0 0 0 0 0 0 0 0 0 0 0 0 0 0 0 0 0 0 0 0 0 0 0 0 0 0 0 0 0 0 0 0 0 0 0 0 0 0 0 0 0 0]
[0 0 0 0 0 0 4093 0 0 0 0 0 0 0 0 0 0 0 0 0 0 0 0 0 0 0 0 0 0 0 0 0 0 0 0 0 0 0 0 0 0 0 0 0 0 0 0 0 0 0 0 0 0 0 0 0 0 0 0 0 0 0 0 0 0 0 0 0 0 0 0 0 0 0 0 0 0 0 0 0 0 0 0 0 0 0 0 0 0 0 0 0 0 0 0 0 0 0 0 0 0 0 0 0 0 0 0 0 0 0 0 0 0 0 0 0 0 0 0 0]
[0 0 0 0 0 0 0 4093 0 0 0 0 0 0 0 0 0 0 0 0 0 0 0 0 0 0 0 0 0 0 0 0 0 0 0 0 0 0 0 0 0 0 0 0 0 0 0 0 0 0 0 0 0 0 0 0 0 0 0 0 0 0 0 0 0 0 0 0 0 0 0 0 0 0 0 0 0 0 0 0 0 0 0 0 0 0 0 0 0 0 0 0 0 0 0 0 0 0 0 0 0 0 0 0 0 0 0 0 0 0 0 0 0 0 0 0 0 0 0 0]
[0 0 0 0 0 0 0 0 4093 0 0 0 0 0 0 0 0 0 0 0 0 0 0 0 0 0 0 0 0 0 0 0 0 0 0 0 0 0 0 0 0 0 0 0 0 0 0 0 0 0 0 0 0 0 0 0 0 0 0 0 0 0 0 0 0 0 0 0 0 0 0 0 0 0 0 0 0 0 0 0 0 0 0 0 0 0 0 0 0 0 0 0 0 0 0 0 0 0 0 0 0 0 0 0 0 0 0 0 0 0 0 0 0 0 0 0 0 0 0 0]
[0 0 0 0 0 0 0 0 0 4093 0 0 0 0 0 0 0 0 0 0 0 0 0 0 0 0 0 0 0 0 0 0 0 0 0 0 0 0 0 0 0 0 0 0 0 0 0 0 0 0 0 0 0 0 0 0 0 0 0 0 0 0 0 0 0 0 0 0 0 0 0 0 0 0 0 0 0 0 0 0 0 0 0 0 0 0 0 0 0 0 0 0 0 0 0 0 0 0 0 0 0 0 0 0 0 0 0 0 0 0 0 0 0 0 0 0 0 0 0 0]
[0 0 0 0 0 0 0 0 0 0 4093 0 0 0 0 0 0 0 0 0 0 0 0 0 0 0 0 0 0 0 0 0 0 0 0 0 0 0 0 0 0 0 0 0 0 0 0 0 0 0 0 0 0 0 0 0 0 0 0 0 0 0 0 0 0 0 0 0 0 0 0 0 0 0 0 0 0 0 0 0 0 0 0 0 0 0 0 0 0 0 0 0 0 0 0 0 0 0 0 0 0 0 0 0 0 0 0 0 0 0 0 0 0 0 0 0 0 0 0 0]
[0 0 0 0 0 0 0 0 0 0 0 4093 0 0 0 0 0 0 0 0 0 0 0 0 0 0 0 0 0 0 0 0 0 0 0 0 0 0 0 0 0 0 0 0 0 0 0 0 0 0 0 0 0 0 0 0 0 0 0 0 0 0 0 0 0 0 0 0 0 0 0 0 0 0 0 0 0 0 0 0 0 0 0 0 0 0 0 0 0 0 0 0 0 0 0 0 0 0 0 0 0 0 0 0 0 0 0 0 0 0 0 0 0 0 0 0 0 0 0 0]
[0 0 0 0 0 0 0 0 0 0 0 0 4093 0 0 0 0 0 0 0 0 0 0 0 0 0 0 0 0 0 0 0 0 0 0 0 0 0 0 0 0 0 0 0 0 0 0 0 0 0 0 0 0 0 0 0 0 0 0 0 0 0 0 0 0 0 0 0 0 0 0 0 0 0 0 0 0 0 0 0 0 0 0 0 0 0 0 0 0 0 0 0 0 0 0 0 0 0 0 0 0 0 0 0 0 0 0 0 0 0 0 0 0 0 0 0 0 0 0 0]
[0 0 0 0 0 0 0 0 0 0 0 0 0 4093 0 0 0 0 0 0 0 0 0 0 0 0 0 0 0 0 0 0 0 0 0 0 0 0 0 0 0 0 0 0 0 0 0 0 0 0 0 0 0 0 0 0 0 0 0 0 0 0 0 0 0 0 0 0 0 0 0 0 0 0 0 0 0 0 0 0 0 0 0 0 0 0 0 0 0 0 0 0 0 0 0 0 0 0 0 0 0 0 0 0 0 0 0 0 0 0 0 0 0 0 0 0 0 0 0 0]
[0 0 0 0 0 0 0 0 0 0 0 0 0 0 4093 0 0 0 0 0 0 0 0 0 0 0 0 0 0 0 0 0 0 0 0 0 0 0 0 0 0 0 0 0 0 0 0 0 0 0 0 0 0 0 0 0 0 0 0 0 0 0 0 0 0 0 0 0 0 0 0 0 0 0 0 0 0 0 0 0 0 0 0 0 0 0 0 0 0 0 0 0 0 0 0 0 0 0 0 0 0 0 0 0 0 0 0 0 0 0 0 0 0 0 0 0 0 0 0 0]
[0 0 0 0 0 0 0 0 0 0 0 0 0 0 0 4093 0 0 0 0 0 0 0 0 0 0 0 0 0 0 0 0 0 0 0 0 0 0 0 0 0 0 0 0 0 0 0 0 0 0 0 0 0 0 0 0 0 0 0 0 0 0 0 0 0 0 0 0 0 0 0 0 0 0 0 0 0 0 0 0 0 0 0 0 0 0 0 0 0 0 0 0 0 0 0 0 0 0 0 0 0 0 0 0 0 0 0 0 0 0 0 0 0 0 0 0 0 0 0 0]
[0 0 0 0 0 0 0 0 0 0 0 0 0 0 0 0 4093 0 0 0 0 0 0 0 0 0 0 0 0 0 0 0 0 0 0 0 0 0 0 0 0 0 0 0 0 0 0 0 0 0 0 0 0 0 0 0 0 0 0 0 0 0 0 0 0 0 0 0 0 0 0 0 0 0 0 0 0 0 0 0 0 0 0 0 0 0 0 0 0 0 0 0 0 0 0 0 0 0 0 0 0 0 0 0 0 0 0 0 0 0 0 0 0 0 0 0 0 0 0 0]
[0 0 0 0 0 0 0 0 0 0 0 0 0 0 0 0 0 4093 0 0 0 0 0 0 0 0 0 0 0 0 0 0 0 0 0 0 0 0 0 0 0 0 0 0 0 0 0 0 0 0 0 0 0 0 0 0 0 0 0 0 0 0 0 0 0 0 0 0 0 0 0 0 0 0 0 0 0 0 0 0 0 0 0 0 0 0 0 0 0 0 0 0 0 0 0 0 0 0 0 0 0 0 0 0 0 0 0 0 0 0 0 0 0 0 0 0 0 0 0 0]
[0 0 0 0 0 0 0 0 0 0 0 0 0 0 0 0 0 0 4093 0 0 0 0 0 0 0 0 0 0 0 0 0 0 0 0 0 0 0 0 0 0 0 0 0 0 0 0 0 0 0 0 0 0 0 0 0 0 0 0 0 0 0 0 0 0 0 0 0 0 0 0 0 0 0 0 0 0 0 0 0 0 0 0 0 0 0 0 0 0 0 0 0 0 0 0 0 0 0 0 0 0 0 0 0 0 0 0 0 0 0 0 0 0 0 0 0 0 0 0 0]
[0 0 0 0 0 0 0 0 0 0 0 0 0 0 0 0 0 0 0 4093 0 0 0 0 0 0 0 0 0 0 0 0 0 0 0 0 0 0 0 0 0 0 0 0 0 0 0 0 0 0 0 0 0 0 0 0 0 0 0 0 0 0 0 0 0 0 0 0 0 0 0 0 0 0 0 0 0 0 0 0 0 0 0 0 0 0 0 0 0 0 0 0 0 0 0 0 0 0 0 0 0 0 0 0 0 0 0 0 0 0 0 0 0 0 0 0 0 0 0 0]
[0 0 0 0 0 0 0 0 0 0 0 0 0 0 0 0 0 0 0 0 4093 0 0 0 0 0 0 0 0 0 0 0 0 0 0 0 0 0 0 0 0 0 0 0 0 0 0 0 0 0 0 0 0 0 0 0 0 0 0 0 0 0 0 0 0 0 0 0 0 0 0 0 0 0 0 0 0 0 0 0 0 0 0 0 0 0 0 0 0 0 0 0 0 0 0 0 0 0 0 0 0 0 0 0 0 0 0 0 0 0 0 0 0 0 0 0 0 0 0 0]
[0 0 0 0 0 0 0 0 0 0 0 0 0 0 0 0 0 0 0 0 0 4093 0 0 0 0 0 0 0 0 0 0 0 0 0 0 0 0 0 0 0 0 0 0 0 0 0 0 0 0 0 0 0 0 0 0 0 0 0 0 0 0 0 0 0 0 0 0 0 0 0 0 0 0 0 0 0 0 0 0 0 0 0 0 0 0 0 0 0 0 0 0 0 0 0 0 0 0 0 0 0 0 0 0 0 0 0 0 0 0 0 0 0 0 0 0 0 0 0 0]
[0 0 0 0 0 0 0 0 0 0 0 0 0 0 0 0 0 0 0 0 0 0 4093 0 0 0 0 0 0 0 0 0 0 0 0 0 0 0 0 0 0 0 0 0 0 0 0 0 0 0 0 0 0 0 0 0 0 0 0 0 0 0 0 0 0 0 0 0 0 0 0 0 0 0 0 0 0 0 0 0 0 0 0 0 0 0 0 0 0 0 0 0 0 0 0 0 0 0 0 0 0 0 0 0 0 0 0 0 0 0 0 0 0 0 0 0 0 0 0 0]
[0 0 0 0 0 0 0 0 0 0 0 0 0 0 0 0 0 0 0 0 0 0 0 4093 0 0 0 0 0 0 0 0 0 0 0 0 0 0 0 0 0 0 0 0 0 0 0 0 0 0 0 0 0 0 0 0 0 0 0 0 0 0 0 0 0 0 0 0 0 0 0 0 0 0 0 0 0 0 0 0 0 0 0 0 0 0 0 0 0 0 0 0 0 0 0 0 0 0 0 0 0 0 0 0 0 0 0 0 0 0 0 0 0 0 0 0 0 0 0 0]
[0 0 0 0 0 0 0 0 0 0 0 0 0 0 0 0 0 0 0 0 0 0 0 0 4093 0 0 0 0 0 0 0 0 0 0 0 0 0 0 0 0 0 0 0 0 0 0 0 0 0 0 0 0 0 0 0 0 0 0 0 0 0 0 0 0 0 0 0 0 0 0 0 0 0 0 0 0 0 0 0 0 0 0 0 0 0 0 0 0 0 0 0 0 0 0 0 0 0 0 0 0 0 0 0 0 0 0 0 0 0 0 0 0 0 0 0 0 0 0 0]
[0 0 0 0 0 0 0 0 0 0 0 0 0 0 0 0 0 0 0 0 0 0 0 0 0 4093 0 0 0 0 0 0 0 0 0 0 0 0 0 0 0 0 0 0 0 0 0 0 0 0 0 0 0 0 0 0 0 0 0 0 0 0 0 0 0 0 0 0 0 0 0 0 0 0 0 0 0 0 0 0 0 0 0 0 0 0 0 0 0 0 0 0 0 0 0 0 0 0 0 0 0 0 0 0 0 0 0 0 0 0 0 0 0 0 0 0 0 0 0 0]
[0 0 0 0 0 0 0 0 0 0 0 0 0 0 0 0 0 0 0 0 0 0 0 0 0 0 4093 0 0 0 0 0 0 0 0 0 0 0 0 0 0 0 0 0 0 0 0 0 0 0 0 0 0 0 0 0 0 0 0 0 0 0 0 0 0 0 0 0 0 0 0 0 0 0 0 0 0 0 0 0 0 0 0 0 0 0 0 0 0 0 0 0 0 0 0 0 0 0 0 0 0 0 0 0 0 0 0 0 0 0 0 0 0 0 0 0 0 0 0 0]
[0 0 0 0 0 0 0 0 0 0 0 0 0 0 0 0 0 0 0 0 0 0 0 0 0 0 0 4093 0 0 0 0 0 0 0 0 0 0 0 0 0 0 0 0 0 0 0 0 0 0 0 0 0 0 0 0 0 0 0 0 0 0 0 0 0 0 0 0 0 0 0 0 0 0 0 0 0 0 0 0 0 0 0 0 0 0 0 0 0 0 0 0 0 0 0 0 0 0 0 0 0 0 0 0 0 0 0 0 0 0 0 0 0 0 0 0 0 0 0 0]
[0 0 0 0 0 0 0 0 0 0 0 0 0 0 0 0 0 0 0 0 0 0 0 0 0 0 0 0 4093 0 0 0 0 0 0 0 0 0 0 0 0 0 0 0 0 0 0 0 0 0 0 0 0 0 0 0 0 0 0 0 0 0 0 0 0 0 0 0 0 0 0 0 0 0 0 0 0 0 0 0 0 0 0 0 0 0 0 0 0 0 0 0 0 0 0 0 0 0 0 0 0 0 0 0 0 0 0 0 0 0 0 0 0 0 0 0 0 0 0 0]
[0 0 0 0 0 0 0 0 0 0 0 0 0 0 0 0 0 0 0 0 0 0 0 0 0 0 0 0 0 4093 0 0 0 0 0 0 0 0 0 0 0 0 0 0 0 0 0 0 0 0 0 0 0 0 0 0 0 0 0 0 0 0 0 0 0 0 0 0 0 0 0 0 0 0 0 0 0 0 0 0 0 0 0 0 0 0 0 0 0 0 0 0 0 0 0 0 0 0 0 0 0 0 0 0 0 0 0 0 0 0 0 0 0 0 0 0 0 0 0 0]
[0 0 0 0 0 0 0 0 0 0 0 0 0 0 0 0 0 0 0 0 0 0 0 0 0 0 0 0 0 0 4093 0 0 0 0 0 0 0 0 0 0 0 0 0 0 0 0 0 0 0 0 0 0 0 0 0 0 0 0 0 0 0 0 0 0 0 0 0 0 0 0 0 0 0 0 0 0 0 0 0 0 0 0 0 0 0 0 0 0 0 0 0 0 0 0 0 0 0 0 0 0 0 0 0 0 0 0 0 0 0 0 0 0 0 0 0 0 0 0 0]
[0 0 0 0 0 0 0 0 0 0 0 0 0 0 0 0 0 0 0 0 0 0 0 0 0 0 0 0 0 0 0 4093 0 0 0 0 0 0 0 0 0 0 0 0 0 0 0 0 0 0 0 0 0 0 0 0 0 0 0 0 0 0 0 0 0 0 0 0 0 0 0 0 0 0 0 0 0 0 0 0 0 0 0 0 0 0 0 0 0 0 0 0 0 0 0 0 0 0 0 0 0 0 0 0 0 0 0 0 0 0 0 0 0 0 0 0 0 0 0 0]
[0 0 0 0 0 0 0 0 0 0 0 0 0 0 0 0 0 0 0 0 0 0 0 0 0 0 0 0 0 0 0 0 4093 0 0 0 0 0 0 0 0 0 0 0 0 0 0 0 0 0 0 0 0 0 0 0 0 0 0 0 0 0 0 0 0 0 0 0 0 0 0 0 0 0 0 0 0 0 0 0 0 0 0 0 0 0 0 0 0 0 0 0 0 0 0 0 0 0 0 0 0 0 0 0 0 0 0 0 0 0 0 0 0 0 0 0 0 0 0 0]
[0 0 0 0 0 0 0 0 0 0 0 0 0 0 0 0 0 0 0 0 0 0 0 0 0 0 0 0 0 0 0 0 0 4093 0 0 0 0 0 0 0 0 0 0 0 0 0 0 0 0 0 0 0 0 0 0 0 0 0 0 0 0 0 0 0 0 0 0 0 0 0 0 0 0 0 0 0 0 0 0 0 0 0 0 0 0 0 0 0 0 0 0 0 0 0 0 0 0 0 0 0 0 0 0 0 0 0 0 0 0 0 0 0 0 0 0 0 0 0 0]
[0 0 0 0 0 0 0 0 0 0 0 0 0 0 0 0 0 0 0 0 0 0 0 0 0 0 0 0 0 0 0 0 0 0 4093 0 0 0 0 0 0 0 0 0 0 0 0 0 0 0 0 0 0 0 0 0 0 0 0 0 0 0 0 0 0 0 0 0 0 0 0 0 0 0 0 0 0 0 0 0 0 0 0 0 0 0 0 0 0 0 0 0 0 0 0 0 0 0 0 0 0 0 0 0 0 0 0 0 0 0 0 0 0 0 0 0 0 0 0 0]
[0 0 0 0 0 0 0 0 0 0 0 0 0 0 0 0 0 0 0 0 0 0 0 0 0 0 0 0 0 0 0 0 0 0 0 4093 0 0 0 0 0 0 0 0 0 0 0 0 0 0 0 0 0 0 0 0 0 0 0 0 0 0 0 0 0 0 0 0 0 0 0 0 0 0 0 0 0 0 0 0 0 0 0 0 0 0 0 0 0 0 0 0 0 0 0 0 0 0 0 0 0 0 0 0 0 0 0 0 0 0 0 0 0 0 0 0 0 0 0 0]
[0 0 0 0 0 0 0 0 0 0 0 0 0 0 0 0 0 0 0 0 0 0 0 0 0 0 0 0 0 0 0 0 0 0 0 0 4093 0 0 0 0 0 0 0 0 0 0 0 0 0 0 0 0 0 0 0 0 0 0 0 0 0 0 0 0 0 0 0 0 0 0 0 0 0 0 0 0 0 0 0 0 0 0 0 0 0 0 0 0 0 0 0 0 0 0 0 0 0 0 0 0 0 0 0 0 0 0 0 0 0 0 0 0 0 0 0 0 0 0 0]
[0 0 0 0 0 0 0 0 0 0 0 0 0 0 0 0 0 0 0 0 0 0 0 0 0 0 0 0 0 0 0 0 0 0 0 0 0 4093 0 0 0 0 0 0 0 0 0 0 0 0 0 0 0 0 0 0 0 0 0 0 0 0 0 0 0 0 0 0 0 0 0 0 0 0 0 0 0 0 0 0 0 0 0 0 0 0 0 0 0 0 0 0 0 0 0 0 0 0 0 0 0 0 0 0 0 0 0 0 0 0 0 0 0 0 0 0 0 0 0 0]
[0 0 0 0 0 0 0 0 0 0 0 0 0 0 0 0 0 0 0 0 0 0 0 0 0 0 0 0 0 0 0 0 0 0 0 0 0 0 4093 0 0 0 0 0 0 0 0 0 0 0 0 0 0 0 0 0 0 0 0 0 0 0 0 0 0 0 0 0 0 0 0 0 0 0 0 0 0 0 0 0 0 0 0 0 0 0 0 0 0 0 0 0 0 0 0 0 0 0 0 0 0 0 0 0 0 0 0 0 0 0 0 0 0 0 0 0 0 0 0 0]
[0 0 0 0 0 0 0 0 0 0 0 0 0 0 0 0 0 0 0 0 0 0 0 0 0 0 0 0 0 0 0 0 0 0 0 0 0 0 0 4093 0 0 0 0 0 0 0 0 0 0 0 0 0 0 0 0 0 0 0 0 0 0 0 0 0 0 0 0 0 0 0 0 0 0 0 0 0 0 0 0 0 0 0 0 0 0 0 0 0 0 0 0 0 0 0 0 0 0 0 0 0 0 0 0 0 0 0 0 0 0 0 0 0 0 0 0 0 0 0 0]
[0 0 0 0 0 0 0 0 0 0 0 0 0 0 0 0 0 0 0 0 0 0 0 0 0 0 0 0 0 0 0 0 0 0 0 0 0 0 0 0 4093 0 0 0 0 0 0 0 0 0 0 0 0 0 0 0 0 0 0 0 0 0 0 0 0 0 0 0 0 0 0 0 0 0 0 0 0 0 0 0 0 0 0 0 0 0 0 0 0 0 0 0 0 0 0 0 0 0 0 0 0 0 0 0 0 0 0 0 0 0 0 0 0 0 0 0 0 0 0 0]
[0 0 0 0 0 0 0 0 0 0 0 0 0 0 0 0 0 0 0 0 0 0 0 0 0 0 0 0 0 0 0 0 0 0 0 0 0 0 0 0 0 4093 0 0 0 0 0 0 0 0 0 0 0 0 0 0 0 0 0 0 0 0 0 0 0 0 0 0 0 0 0 0 0 0 0 0 0 0 0 0 0 0 0 0 0 0 0 0 0 0 0 0 0 0 0 0 0 0 0 0 0 0 0 0 0 0 0 0 0 0 0 0 0 0 0 0 0 0 0 0]
[0 0 0 0 0 0 0 0 0 0 0 0 0 0 0 0 0 0 0 0 0 0 0 0 0 0 0 0 0 0 0 0 0 0 0 0 0 0 0 0 0 0 4093 0 0 0 0 0 0 0 0 0 0 0 0 0 0 0 0 0 0 0 0 0 0 0 0 0 0 0 0 0 0 0 0 0 0 0 0 0 0 0 0 0 0 0 0 0 0 0 0 0 0 0 0 0 0 0 0 0 0 0 0 0 0 0 0 0 0 0 0 0 0 0 0 0 0 0 0 0]
[0 0 0 0 0 0 0 0 0 0 0 0 0 0 0 0 0 0 0 0 0 0 0 0 0 0 0 0 0 0 0 0 0 0 0 0 0 0 0 0 0 0 0 4093 0 0 0 0 0 0 0 0 0 0 0 0 0 0 0 0 0 0 0 0 0 0 0 0 0 0 0 0 0 0 0 0 0 0 0 0 0 0 0 0 0 0 0 0 0 0 0 0 0 0 0 0 0 0 0 0 0 0 0 0 0 0 0 0 0 0 0 0 0 0 0 0 0 0 0 0]
[0 0 0 0 0 0 0 0 0 0 0 0 0 0 0 0 0 0 0 0 0 0 0 0 0 0 0 0 0 0 0 0 0 0 0 0 0 0 0 0 0 0 0 0 4093 0 0 0 0 0 0 0 0 0 0 0 0 0 0 0 0 0 0 0 0 0 0 0 0 0 0 0 0 0 0 0 0 0 0 0 0 0 0 0 0 0 0 0 0 0 0 0 0 0 0 0 0 0 0 0 0 0 0 0 0 0 0 0 0 0 0 0 0 0 0 0 0 0 0 0]
[0 0 0 0 0 0 0 0 0 0 0 0 0 0 0 0 0 0 0 0 0 0 0 0 0 0 0 0 0 0 0 0 0 0 0 0 0 0 0 0 0 0 0 0 0 4093 0 0 0 0 0 0 0 0 0 0 0 0 0 0 0 0 0 0 0 0 0 0 0 0 0 0 0 0 0 0 0 0 0 0 0 0 0 0 0 0 0 0 0 0 0 0 0 0 0 0 0 0 0 0 0 0 0 0 0 0 0 0 0 0 0 0 0 0 0 0 0 0 0 0]
[0 0 0 0 0 0 0 0 0 0 0 0 0 0 0 0 0 0 0 0 0 0 0 0 0 0 0 0 0 0 0 0 0 0 0 0 0 0 0 0 0 0 0 0 0 0 4093 0 0 0 0 0 0 0 0 0 0 0 0 0 0 0 0 0 0 0 0 0 0 0 0 0 0 0 0 0 0 0 0 0 0 0 0 0 0 0 0 0 0 0 0 0 0 0 0 0 0 0 0 0 0 0 0 0 0 0 0 0 0 0 0 0 0 0 0 0 0 0 0 0]
[0 0 0 0 0 0 0 0 0 0 0 0 0 0 0 0 0 0 0 0 0 0 0 0 0 0 0 0 0 0 0 0 0 0 0 0 0 0 0 0 0 0 0 0 0 0 0 4093 0 0 0 0 0 0 0 0 0 0 0 0 0 0 0 0 0 0 0 0 0 0 0 0 0 0 0 0 0 0 0 0 0 0 0 0 0 0 0 0 0 0 0 0 0 0 0 0 0 0 0 0 0 0 0 0 0 0 0 0 0 0 0 0 0 0 0 0 0 0 0 0]
[0 0 0 0 0 0 0 0 0 0 0 0 0 0 0 0 0 0 0 0 0 0 0 0 0 0 0 0 0 0 0 0 0 0 0 0 0 0 0 0 0 0 0 0 0 0 0 0 4093 0 0 0 0 0 0 0 0 0 0 0 0 0 0 0 0 0 0 0 0 0 0 0 0 0 0 0 0 0 0 0 0 0 0 0 0 0 0 0 0 0 0 0 0 0 0 0 0 0 0 0 0 0 0 0 0 0 0 0 0 0 0 0 0 0 0 0 0 0 0 0]
[0 0 0 0 0 0 0 0 0 0 0 0 0 0 0 0 0 0 0 0 0 0 0 0 0 0 0 0 0 0 0 0 0 0 0 0 0 0 0 0 0 0 0 0 0 0 0 0 0 4093 0 0 0 0 0 0 0 0 0 0 0 0 0 0 0 0 0 0 0 0 0 0 0 0 0 0 0 0 0 0 0 0 0 0 0 0 0 0 0 0 0 0 0 0 0 0 0 0 0 0 0 0 0 0 0 0 0 0 0 0 0 0 0 0 0 0 0 0 0 0]
[0 0 0 0 0 0 0 0 0 0 0 0 0 0 0 0 0 0 0 0 0 0 0 0 0 0 0 0 0 0 0 0 0 0 0 0 0 0 0 0 0 0 0 0 0 0 0 0 0 0 4093 0 0 0 0 0 0 0 0 0 0 0 0 0 0 0 0 0 0 0 0 0 0 0 0 0 0 0 0 0 0 0 0 0 0 0 0 0 0 0 0 0 0 0 0 0 0 0 0 0 0 0 0 0 0 0 0 0 0 0 0 0 0 0 0 0 0 0 0 0]
[0 0 0 0 0 0 0 0 0 0 0 0 0 0 0 0 0 0 0 0 0 0 0 0 0 0 0 0 0 0 0 0 0 0 0 0 0 0 0 0 0 0 0 0 0 0 0 0 0 0 0 4093 0 0 0 0 0 0 0 0 0 0 0 0 0 0 0 0 0 0 0 0 0 0 0 0 0 0 0 0 0 0 0 0 0 0 0 0 0 0 0 0 0 0 0 0 0 0 0 0 0 0 0 0 0 0 0 0 0 0 0 0 0 0 0 0 0 0 0 0]
[0 0 0 0 0 0 0 0 0 0 0 0 0 0 0 0 0 0 0 0 0 0 0 0 0 0 0 0 0 0 0 0 0 0 0 0 0 0 0 0 0 0 0 0 0 0 0 0 0 0 0 0 4093 0 0 0 0 0 0 0 0 0 0 0 0 0 0 0 0 0 0 0 0 0 0 0 0 0 0 0 0 0 0 0 0 0 0 0 0 0 0 0 0 0 0 0 0 0 0 0 0 0 0 0 0 0 0 0 0 0 0 0 0 0 0 0 0 0 0 0]
[0 0 0 0 0 0 0 0 0 0 0 0 0 0 0 0 0 0 0 0 0 0 0 0 0 0 0 0 0 0 0 0 0 0 0 0 0 0 0 0 0 0 0 0 0 0 0 0 0 0 0 0 0 4093 0 0 0 0 0 0 0 0 0 0 0 0 0 0 0 0 0 0 0 0 0 0 0 0 0 0 0 0 0 0 0 0 0 0 0 0 0 0 0 0 0 0 0 0 0 0 0 0 0 0 0 0 0 0 0 0 0 0 0 0 0 0 0 0 0 0]
[0 0 0 0 0 0 0 0 0 0 0 0 0 0 0 0 0 0 0 0 0 0 0 0 0 0 0 0 0 0 0 0 0 0 0 0 0 0 0 0 0 0 0 0 0 0 0 0 0 0 0 0 0 0 4093 0 0 0 0 0 0 0 0 0 0 0 0 0 0 0 0 0 0 0 0 0 0 0 0 0 0 0 0 0 0 0 0 0 0 0 0 0 0 0 0 0 0 0 0 0 0 0 0 0 0 0 0 0 0 0 0 0 0 0 0 0 0 0 0 0]
[0 0 0 0 0 0 0 0 0 0 0 0 0 0 0 0 0 0 0 0 0 0 0 0 0 0 0 0 0 0 0 0 0 0 0 0 0 0 0 0 0 0 0 0 0 0 0 0 0 0 0 0 0 0 0 4093 0 0 0 0 0 0 0 0 0 0 0 0 0 0 0 0 0 0 0 0 0 0 0 0 0 0 0 0 0 0 0 0 0 0 0 0 0 0 0 0 0 0 0 0 0 0 0 0 0 0 0 0 0 0 0 0 0 0 0 0 0 0 0 0]
[0 0 0 0 0 0 0 0 0 0 0 0 0 0 0 0 0 0 0 0 0 0 0 0 0 0 0 0 0 0 0 0 0 0 0 0 0 0 0 0 0 0 0 0 0 0 0 0 0 0 0 0 0 0 0 0 4093 0 0 0 0 0 0 0 0 0 0 0 0 0 0 0 0 0 0 0 0 0 0 0 0 0 0 0 0 0 0 0 0 0 0 0 0 0 0 0 0 0 0 0 0 0 0 0 0 0 0 0 0 0 0 0 0 0 0 0 0 0 0 0]
[0 0 0 0 0 0 0 0 0 0 0 0 0 0 0 0 0 0 0 0 0 0 0 0 0 0 0 0 0 0 0 0 0 0 0 0 0 0 0 0 0 0 0 0 0 0 0 0 0 0 0 0 0 0 0 0 0 4093 0 0 0 0 0 0 0 0 0 0 0 0 0 0 0 0 0 0 0 0 0 0 0 0 0 0 0 0 0 0 0 0 0 0 0 0 0 0 0 0 0 0 0 0 0 0 0 0 0 0 0 0 0 0 0 0 0 0 0 0 0 0]
[0 0 0 0 0 0 0 0 0 0 0 0 0 0 0 0 0 0 0 0 0 0 0 0 0 0 0 0 0 0 0 0 0 0 0 0 0 0 0 0 0 0 0 0 0 0 0 0 0 0 0 0 0 0 0 0 0 0 4093 0 0 0 0 0 0 0 0 0 0 0 0 0 0 0 0 0 0 0 0 0 0 0 0 0 0 0 0 0 0 0 0 0 0 0 0 0 0 0 0 0 0 0 0 0 0 0 0 0 0 0 0 0 0 0 0 0 0 0 0 0]
[0 0 0 0 0 0 0 0 0 0 0 0 0 0 0 0 0 0 0 0 0 0 0 0 0 0 0 0 0 0 0 0 0 0 0 0 0 0 0 0 0 0 0 0 0 0 0 0 0 0 0 0 0 0 0 0 0 0 0 4093 0 0 0 0 0 0 0 0 0 0 0 0 0 0 0 0 0 0 0 0 0 0 0 0 0 0 0 0 0 0 0 0 0 0 0 0 0 0 0 0 0 0 0 0 0 0 0 0 0 0 0 0 0 0 0 0 0 0 0 0]
[0 0 0 0 0 0 0 0 0 0 0 0 0 0 0 0 0 0 0 0 0 0 0 0 0 0 0 0 0 0 0 0 0 0 0 0 0 0 0 0 0 0 0 0 0 0 0 0 0 0 0 0 0 0 0 0 0 0 0 0 4093 0 0 0 0 0 0 0 0 0 0 0 0 0 0 0 0 0 0 0 0 0 0 0 0 0 0 0 0 0 0 0 0 0 0 0 0 0 0 0 0 0 0 0 0 0 0 0 0 0 0 0 0 0 0 0 0 0 0 0]
[0 0 0 0 0 0 0 0 0 0 0 0 0 0 0 0 0 0 0 0 0 0 0 0 0 0 0 0 0 0 0 0 0 0 0 0 0 0 0 0 0 0 0 0 0 0 0 0 0 0 0 0 0 0 0 0 0 0 0 0 0 4093 0 0 0 0 0 0 0 0 0 0 0 0 0 0 0 0 0 0 0 0 0 0 0 0 0 0 0 0 0 0 0 0 0 0 0 0 0 0 0 0 0 0 0 0 0 0 0 0 0 0 0 0 0 0 0 0 0 0]
[0 0 0 0 0 0 0 0 0 0 0 0 0 0 0 0 0 0 0 0 0 0 0 0 0 0 0 0 0 0 0 0 0 0 0 0 0 0 0 0 0 0 0 0 0 0 0 0 0 0 0 0 0 0 0 0 0 0 0 0 0 0 4093 0 0 0 0 0 0 0 0 0 0 0 0 0 0 0 0 0 0 0 0 0 0 0 0 0 0 0 0 0 0 0 0 0 0 0 0 0 0 0 0 0 0 0 0 0 0 0 0 0 0 0 0 0 0 0 0 0]
[0 0 0 0 0 0 0 0 0 0 0 0 0 0 0 0 0 0 0 0 0 0 0 0 0 0 0 0 0 0 0 0 0 0 0 0 0 0 0 0 0 0 0 0 0 0 0 0 0 0 0 0 0 0 0 0 0 0 0 0 0 0 0 4093 0 0 0 0 0 0 0 0 0 0 0 0 0 0 0 0 0 0 0 0 0 0 0 0 0 0 0 0 0 0 0 0 0 0 0 0 0 0 0 0 0 0 0 0 0 0 0 0 0 0 0 0 0 0 0 0]
[0 0 0 0 0 0 0 0 0 0 0 0 0 0 0 0 0 0 0 0 0 0 0 0 0 0 0 0 0 0 0 0 0 0 0 0 0 0 0 0 0 0 0 0 0 0 0 0 0 0 0 0 0 0 0 0 0 0 0 0 0 0 0 0 4093 0 0 0 0 0 0 0 0 0 0 0 0 0 0 0 0 0 0 0 0 0 0 0 0 0 0 0 0 0 0 0 0 0 0 0 0 0 0 0 0 0 0 0 0 0 0 0 0 0 0 0 0 0 0 0]
[0 0 0 0 0 0 0 0 0 0 0 0 0 0 0 0 0 0 0 0 0 0 0 0 0 0 0 0 0 0 0 0 0 0 0 0 0 0 0 0 0 0 0 0 0 0 0 0 0 0 0 0 0 0 0 0 0 0 0 0 0 0 0 0 0 4093 0 0 0 0 0 0 0 0 0 0 0 0 0 0 0 0 0 0 0 0 0 0 0 0 0 0 0 0 0 0 0 0 0 0 0 0 0 0 0 0 0 0 0 0 0 0 0 0 0 0 0 0 0 0]
[0 0 0 0 0 0 0 0 0 0 0 0 0 0 0 0 0 0 0 0 0 0 0 0 0 0 0 0 0 0 0 0 0 0 0 0 0 0 0 0 0 0 0 0 0 0 0 0 0 0 0 0 0 0 0 0 0 0 0 0 0 0 0 0 0 0 4093 0 0 0 0 0 0 0 0 0 0 0 0 0 0 0 0 0 0 0 0 0 0 0 0 0 0 0 0 0 0 0 0 0 0 0 0 0 0 0 0 0 0 0 0 0 0 0 0 0 0 0 0 0]
[0 0 0 0 0 0 0 0 0 0 0 0 0 0 0 0 0 0 0 0 0 0 0 0 0 0 0 0 0 0 0 0 0 0 0 0 0 0 0 0 0 0 0 0 0 0 0 0 0 0 0 0 0 0 0 0 0 0 0 0 0 0 0 0 0 0 0 4093 0 0 0 0 0 0 0 0 0 0 0 0 0 0 0 0 0 0 0 0 0 0 0 0 0 0 0 0 0 0 0 0 0 0 0 0 0 0 0 0 0 0 0 0 0 0 0 0 0 0 0 0]
[0 0 0 0 0 0 0 0 0 0 0 0 0 0 0 0 0 0 0 0 0 0 0 0 0 0 0 0 0 0 0 0 0 0 0 0 0 0 0 0 0 0 0 0 0 0 0 0 0 0 0 0 0 0 0 0 0 0 0 0 0 0 0 0 0 0 0 0 4093 0 0 0 0 0 0 0 0 0 0 0 0 0 0 0 0 0 0 0 0 0 0 0 0 0 0 0 0 0 0 0 0 0 0 0 0 0 0 0 0 0 0 0 0 0 0 0 0 0 0 0]
[0 0 0 0 0 0 0 0 0 0 0 0 0 0 0 0 0 0 0 0 0 0 0 0 0 0 0 0 0 0 0 0 0 0 0 0 0 0 0 0 0 0 0 0 0 0 0 0 0 0 0 0 0 0 0 0 0 0 0 0 0 0 0 0 0 0 0 0 0 4093 0 0 0 0 0 0 0 0 0 0 0 0 0 0 0 0 0 0 0 0 0 0 0 0 0 0 0 0 0 0 0 0 0 0 0 0 0 0 0 0 0 0 0 0 0 0 0 0 0 0]
[0 0 0 0 0 0 0 0 0 0 0 0 0 0 0 0 0 0 0 0 0 0 0 0 0 0 0 0 0 0 0 0 0 0 0 0 0 0 0 0 0 0 0 0 0 0 0 0 0 0 0 0 0 0 0 0 0 0 0 0 0 0 0 0 0 0 0 0 0 0 4093 0 0 0 0 0 0 0 0 0 0 0 0 0 0 0 0 0 0 0 0 0 0 0 0 0 0 0 0 0 0 0 0 0 0 0 0 0 0 0 0 0 0 0 0 0 0 0 0 0]
[0 0 0 0 0 0 0 0 0 0 0 0 0 0 0 0 0 0 0 0 0 0 0 0 0 0 0 0 0 0 0 0 0 0 0 0 0 0 0 0 0 0 0 0 0 0 0 0 0 0 0 0 0 0 0 0 0 0 0 0 0 0 0 0 0 0 0 0 0 0 0 4093 0 0 0 0 0 0 0 0 0 0 0 0 0 0 0 0 0 0 0 0 0 0 0 0 0 0 0 0 0 0 0 0 0 0 0 0 0 0 0 0 0 0 0 0 0 0 0 0]
[0 0 0 0 0 0 0 0 0 0 0 0 0 0 0 0 0 0 0 0 0 0 0 0 0 0 0 0 0 0 0 0 0 0 0 0 0 0 0 0 0 0 0 0 0 0 0 0 0 0 0 0 0 0 0 0 0 0 0 0 0 0 0 0 0 0 0 0 0 0 0 0 4093 0 0 0 0 0 0 0 0 0 0 0 0 0 0 0 0 0 0 0 0 0 0 0 0 0 0 0 0 0 0 0 0 0 0 0 0 0 0 0 0 0 0 0 0 0 0 0]
[0 0 0 0 0 0 0 0 0 0 0 0 0 0 0 0 0 0 0 0 0 0 0 0 0 0 0 0 0 0 0 0 0 0 0 0 0 0 0 0 0 0 0 0 0 0 0 0 0 0 0 0 0 0 0 0 0 0 0 0 0 0 0 0 0 0 0 0 0 0 0 0 0 4093 0 0 0 0 0 0 0 0 0 0 0 0 0 0 0 0 0 0 0 0 0 0 0 0 0 0 0 0 0 0 0 0 0 0 0 0 0 0 0 0 0 0 0 0 0 0]
[0 0 0 0 0 0 0 0 0 0 0 0 0 0 0 0 0 0 0 0 0 0 0 0 0 0 0 0 0 0 0 0 0 0 0 0 0 0 0 0 0 0 0 0 0 0 0 0 0 0 0 0 0 0 0 0 0 0 0 0 0 0 0 0 0 0 0 0 0 0 0 0 0 0 4093 0 0 0 0 0 0 0 0 0 0 0 0 0 0 0 0 0 0 0 0 0 0 0 0 0 0 0 0 0 0 0 0 0 0 0 0 0 0 0 0 0 0 0 0 0]
[0 0 0 0 0 0 0 0 0 0 0 0 0 0 0 0 0 0 0 0 0 0 0 0 0 0 0 0 0 0 0 0 0 0 0 0 0 0 0 0 0 0 0 0 0 0 0 0 0 0 0 0 0 0 0 0 0 0 0 0 0 0 0 0 0 0 0 0 0 0 0 0 0 0 0 4093 0 0 0 0 0 0 0 0 0 0 0 0 0 0 0 0 0 0 0 0 0 0 0 0 0 0 0 0 0 0 0 0 0 0 0 0 0 0 0 0 0 0 0 0]
[0 0 0 0 0 0 0 0 0 0 0 0 0 0 0 0 0 0 0 0 0 0 0 0 0 0 0 0 0 0 0 0 0 0 0 0 0 0 0 0 0 0 0 0 0 0 0 0 0 0 0 0 0 0 0 0 0 0 0 0 0 0 0 0 0 0 0 0 0 0 0 0 0 0 0 0 4093 0 0 0 0 0 0 0 0 0 0 0 0 0 0 0 0 0 0 0 0 0 0 0 0 0 0 0 0 0 0 0 0 0 0 0 0 0 0 0 0 0 0 0]
[0 0 0 0 0 0 0 0 0 0 0 0 0 0 0 0 0 0 0 0 0 0 0 0 0 0 0 0 0 0 0 0 0 0 0 0 0 0 0 0 0 0 0 0 0 0 0 0 0 0 0 0 0 0 0 0 0 0 0 0 0 0 0 0 0 0 0 0 0 0 0 0 0 0 0 0 0 4093 0 0 0 0 0 0 0 0 0 0 0 0 0 0 0 0 0 0 0 0 0 0 0 0 0 0 0 0 0 0 0 0 0 0 0 0 0 0 0 0 0 0]
[0 0 0 0 0 0 0 0 0 0 0 0 0 0 0 0 0 0 0 0 0 0 0 0 0 0 0 0 0 0 0 0 0 0 0 0 0 0 0 0 0 0 0 0 0 0 0 0 0 0 0 0 0 0 0 0 0 0 0 0 0 0 0 0 0 0 0 0 0 0 0 0 0 0 0 0 0 0 4093 0 0 0 0 0 0 0 0 0 0 0 0 0 0 0 0 0 0 0 0 0 0 0 0 0 0 0 0 0 0 0 0 0 0 0 0 0 0 0 0 0]
[0 0 0 0 0 0 0 0 0 0 0 0 0 0 0 0 0 0 0 0 0 0 0 0 0 0 0 0 0 0 0 0 0 0 0 0 0 0 0 0 0 0 0 0 0 0 0 0 0 0 0 0 0 0 0 0 0 0 0 0 0 0 0 0 0 0 0 0 0 0 0 0 0 0 0 0 0 0 0 4093 0 0 0 0 0 0 0 0 0 0 0 0 0 0 0 0 0 0 0 0 0 0 0 0 0 0 0 0 0 0 0 0 0 0 0 0 0 0 0 0]
[0 0 0 0 0 0 0 0 0 0 0 0 0 0 0 0 0 0 0 0 0 0 0 0 0 0 0 0 0 0 0 0 0 0 0 0 0 0 0 0 0 0 0 0 0 0 0 0 0 0 0 0 0 0 0 0 0 0 0 0 0 0 0 0 0 0 0 0 0 0 0 0 0 0 0 0 0 0 0 0 4093 0 0 0 0 0 0 0 0 0 0 0 0 0 0 0 0 0 0 0 0 0 0 0 0 0 0 0 0 0 0 0 0 0 0 0 0 0 0 0]
[0 0 0 0 0 0 0 0 0 0 0 0 0 0 0 0 0 0 0 0 0 0 0 0 0 0 0 0 0 0 0 0 0 0 0 0 0 0 0 0 0 0 0 0 0 0 0 0 0 0 0 0 0 0 0 0 0 0 0 0 0 0 0 0 0 0 0 0 0 0 0 0 0 0 0 0 0 0 0 0 0 4093 0 0 0 0 0 0 0 0 0 0 0 0 0 0 0 0 0 0 0 0 0 0 0 0 0 0 0 0 0 0 0 0 0 0 0 0 0 0]
[0 0 0 0 0 0 0 0 0 0 0 0 0 0 0 0 0 0 0 0 0 0 0 0 0 0 0 0 0 0 0 0 0 0 0 0 0 0 0 0 0 0 0 0 0 0 0 0 0 0 0 0 0 0 0 0 0 0 0 0 0 0 0 0 0 0 0 0 0 0 0 0 0 0 0 0 0 0 0 0 0 0 4093 0 0 0 0 0 0 0 0 0 0 0 0 0 0 0 0 0 0 0 0 0 0 0 0 0 0 0 0 0 0 0 0 0 0 0 0 0]
[0 0 0 0 0 0 0 0 0 0 0 0 0 0 0 0 0 0 0 0 0 0 0 0 0 0 0 0 0 0 0 0 0 0 0 0 0 0 0 0 0 0 0 0 0 0 0 0 0 0 0 0 0 0 0 0 0 0 0 0 0 0 0 0 0 0 0 0 0 0 0 0 0 0 0 0 0 0 0 0 0 0 0 4093 0 0 0 0 0 0 0 0 0 0 0 0 0 0 0 0 0 0 0 0 0 0 0 0 0 0 0 0 0 0 0 0 0 0 0 0]
[0 0 0 0 0 0 0 0 0 0 0 0 0 0 0 0 0 0 0 0 0 0 0 0 0 0 0 0 0 0 0 0 0 0 0 0 0 0 0 0 0 0 0 0 0 0 0 0 0 0 0 0 0 0 0 0 0 0 0 0 0 0 0 0 0 0 0 0 0 0 0 0 0 0 0 0 0 0 0 0 0 0 0 0 4093 0 0 0 0 0 0 0 0 0 0 0 0 0 0 0 0 0 0 0 0 0 0 0 0 0 0 0 0 0 0 0 0 0 0 0]
[0 0 0 0 0 0 0 0 0 0 0 0 0 0 0 0 0 0 0 0 0 0 0 0 0 0 0 0 0 0 0 0 0 0 0 0 0 0 0 0 0 0 0 0 0 0 0 0 0 0 0 0 0 0 0 0 0 0 0 0 0 0 0 0 0 0 0 0 0 0 0 0 0 0 0 0 0 0 0 0 0 0 0 0 0 4093 0 0 0 0 0 0 0 0 0 0 0 0 0 0 0 0 0 0 0 0 0 0 0 0 0 0 0 0 0 0 0 0 0 0]
[0 0 0 0 0 0 0 0 0 0 0 0 0 0 0 0 0 0 0 0 0 0 0 0 0 0 0 0 0 0 0 0 0 0 0 0 0 0 0 0 0 0 0 0 0 0 0 0 0 0 0 0 0 0 0 0 0 0 0 0 0 0 0 0 0 0 0 0 0 0 0 0 0 0 0 0 0 0 0 0 0 0 0 0 0 0 4093 0 0 0 0 0 0 0 0 0 0 0 0 0 0 0 0 0 0 0 0 0 0 0 0 0 0 0 0 0 0 0 0 0]
[0 0 0 0 0 0 0 0 0 0 0 0 0 0 0 0 0 0 0 0 0 0 0 0 0 0 0 0 0 0 0 0 0 0 0 0 0 0 0 0 0 0 0 0 0 0 0 0 0 0 0 0 0 0 0 0 0 0 0 0 0 0 0 0 0 0 0 0 0 0 0 0 0 0 0 0 0 0 0 0 0 0 0 0 0 0 0 4093 0 0 0 0 0 0 0 0 0 0 0 0 0 0 0 0 0 0 0 0 0 0 0 0 0 0 0 0 0 0 0 0]
[0 0 0 0 0 0 0 0 0 0 0 0 0 0 0 0 0 0 0 0 0 0 0 0 0 0 0 0 0 0 0 0 0 0 0 0 0 0 0 0 0 0 0 0 0 0 0 0 0 0 0 0 0 0 0 0 0 0 0 0 0 0 0 0 0 0 0 0 0 0 0 0 0 0 0 0 0 0 0 0 0 0 0 0 0 0 0 0 4093 0 0 0 0 0 0 0 0 0 0 0 0 0 0 0 0 0 0 0 0 0 0 0 0 0 0 0 0 0 0 0]
[0 0 0 0 0 0 0 0 0 0 0 0 0 0 0 0 0 0 0 0 0 0 0 0 0 0 0 0 0 0 0 0 0 0 0 0 0 0 0 0 0 0 0 0 0 0 0 0 0 0 0 0 0 0 0 0 0 0 0 0 0 0 0 0 0 0 0 0 0 0 0 0 0 0 0 0 0 0 0 0 0 0 0 0 0 0 0 0 0 4093 0 0 0 0 0 0 0 0 0 0 0 0 0 0 0 0 0 0 0 0 0 0 0 0 0 0 0 0 0 0]
[0 0 0 0 0 0 0 0 0 0 0 0 0 0 0 0 0 0 0 0 0 0 0 0 0 0 0 0 0 0 0 0 0 0 0 0 0 0 0 0 0 0 0 0 0 0 0 0 0 0 0 0 0 0 0 0 0 0 0 0 0 0 0 0 0 0 0 0 0 0 0 0 0 0 0 0 0 0 0 0 0 0 0 0 0 0 0 0 0 0 4093 0 0 0 0 0 0 0 0 0 0 0 0 0 0 0 0 0 0 0 0 0 0 0 0 0 0 0 0 0]
[0 0 0 0 0 0 0 0 0 0 0 0 0 0 0 0 0 0 0 0 0 0 0 0 0 0 0 0 0 0 0 0 0 0 0 0 0 0 0 0 0 0 0 0 0 0 0 0 0 0 0 0 0 0 0 0 0 0 0 0 0 0 0 0 0 0 0 0 0 0 0 0 0 0 0 0 0 0 0 0 0 0 0 0 0 0 0 0 0 0 0 4093 0 0 0 0 0 0 0 0 0 0 0 0 0 0 0 0 0 0 0 0 0 0 0 0 0 0 0 0]
[0 0 0 0 0 0 0 0 0 0 0 0 0 0 0 0 0 0 0 0 0 0 0 0 0 0 0 0 0 0 0 0 0 0 0 0 0 0 0 0 0 0 0 0 0 0 0 0 0 0 0 0 0 0 0 0 0 0 0 0 0 0 0 0 0 0 0 0 0 0 0 0 0 0 0 0 0 0 0 0 0 0 0 0 0 0 0 0 0 0 0 0 4093 0 0 0 0 0 0 0 0 0 0 0 0 0 0 0 0 0 0 0 0 0 0 0 0 0 0 0]
[0 0 0 0 0 0 0 0 0 0 0 0 0 0 0 0 0 0 0 0 0 0 0 0 0 0 0 0 0 0 0 0 0 0 0 0 0 0 0 0 0 0 0 0 0 0 0 0 0 0 0 0 0 0 0 0 0 0 0 0 0 0 0 0 0 0 0 0 0 0 0 0 0 0 0 0 0 0 0 0 0 0 0 0 0 0 0 0 0 0 0 0 0 4093 0 0 0 0 0 0 0 0 0 0 0 0 0 0 0 0 0 0 0 0 0 0 0 0 0 0]
[0 0 0 0 0 0 0 0 0 0 0 0 0 0 0 0 0 0 0 0 0 0 0 0 0 0 0 0 0 0 0 0 0 0 0 0 0 0 0 0 0 0 0 0 0 0 0 0 0 0 0 0 0 0 0 0 0 0 0 0 0 0 0 0 0 0 0 0 0 0 0 0 0 0 0 0 0 0 0 0 0 0 0 0 0 0 0 0 0 0 0 0 0 0 4093 0 0 0 0 0 0 0 0 0 0 0 0 0 0 0 0 0 0 0 0 0 0 0 0 0]
[0 0 0 0 0 0 0 0 0 0 0 0 0 0 0 0 0 0 0 0 0 0 0 0 0 0 0 0 0 0 0 0 0 0 0 0 0 0 0 0 0 0 0 0 0 0 0 0 0 0 0 0 0 0 0 0 0 0 0 0 0 0 0 0 0 0 0 0 0 0 0 0 0 0 0 0 0 0 0 0 0 0 0 0 0 0 0 0 0 0 0 0 0 0 0 4093 0 0 0 0 0 0 0 0 0 0 0 0 0 0 0 0 0 0 0 0 0 0 0 0]
[0 0 0 0 0 0 0 0 0 0 0 0 0 0 0 0 0 0 0 0 0 0 0 0 0 0 0 0 0 0 0 0 0 0 0 0 0 0 0 0 0 0 0 0 0 0 0 0 0 0 0 0 0 0 0 0 0 0 0 0 0 0 0 0 0 0 0 0 0 0 0 0 0 0 0 0 0 0 0 0 0 0 0 0 0 0 0 0 0 0 0 0 0 0 0 0 4093 0 0 0 0 0 0 0 0 0 0 0 0 0 0 0 0 0 0 0 0 0 0 0]
[0 0 0 0 0 0 0 0 0 0 0 0 0 0 0 0 0 0 0 0 0 0 0 0 0 0 0 0 0 0 0 0 0 0 0 0 0 0 0 0 0 0 0 0 0 0 0 0 0 0 0 0 0 0 0 0 0 0 0 0 0 0 0 0 0 0 0 0 0 0 0 0 0 0 0 0 0 0 0 0 0 0 0 0 0 0 0 0 0 0 0 0 0 0 0 0 0 4093 0 0 0 0 0 0 0 0 0 0 0 0 0 0 0 0 0 0 0 0 0 0]
[0 0 0 0 0 0 0 0 0 0 0 0 0 0 0 0 0 0 0 0 0 0 0 0 0 0 0 0 0 0 0 0 0 0 0 0 0 0 0 0 0 0 0 0 0 0 0 0 0 0 0 0 0 0 0 0 0 0 0 0 0 0 0 0 0 0 0 0 0 0 0 0 0 0 0 0 0 0 0 0 0 0 0 0 0 0 0 0 0 0 0 0 0 0 0 0 0 0 4093 0 0 0 0 0 0 0 0 0 0 0 0 0 0 0 0 0 0 0 0 0]
[0 0 0 0 0 0 0 0 0 0 0 0 0 0 0 0 0 0 0 0 0 0 0 0 0 0 0 0 0 0 0 0 0 0 0 0 0 0 0 0 0 0 0 0 0 0 0 0 0 0 0 0 0 0 0 0 0 0 0 0 0 0 0 0 0 0 0 0 0 0 0 0 0 0 0 0 0 0 0 0 0 0 0 0 0 0 0 0 0 0 0 0 0 0 0 0 0 0 0 4093 0 0 0 0 0 0 0 0 0 0 0 0 0 0 0 0 0 0 0 0]
[0 0 0 0 0 0 0 0 0 0 0 0 0 0 0 0 0 0 0 0 0 0 0 0 0 0 0 0 0 0 0 0 0 0 0 0 0 0 0 0 0 0 0 0 0 0 0 0 0 0 0 0 0 0 0 0 0 0 0 0 0 0 0 0 0 0 0 0 0 0 0 0 0 0 0 0 0 0 0 0 0 0 0 0 0 0 0 0 0 0 0 0 0 0 0 0 0 0 0 0 4093 0 0 0 0 0 0 0 0 0 0 0 0 0 0 0 0 0 0 0]
[0 0 0 0 0 0 0 0 0 0 0 0 0 0 0 0 0 0 0 0 0 0 0 0 0 0 0 0 0 0 0 0 0 0 0 0 0 0 0 0 0 0 0 0 0 0 0 0 0 0 0 0 0 0 0 0 0 0 0 0 0 0 0 0 0 0 0 0 0 0 0 0 0 0 0 0 0 0 0 0 0 0 0 0 0 0 0 0 0 0 0 0 0 0 0 0 0 0 0 0 0 4093 0 0 0 0 0 0 0 0 0 0 0 0 0 0 0 0 0 0]
[0 0 0 0 0 0 0 0 0 0 0 0 0 0 0 0 0 0 0 0 0 0 0 0 0 0 0 0 0 0 0 0 0 0 0 0 0 0 0 0 0 0 0 0 0 0 0 0 0 0 0 0 0 0 0 0 0 0 0 0 0 0 0 0 0 0 0 0 0 0 0 0 0 0 0 0 0 0 0 0 0 0 0 0 0 0 0 0 0 0 0 0 0 0 0 0 0 0 0 0 0 0 4093 0 0 0 0 0 0 0 0 0 0 0 0 0 0 0 0 0]
[0 0 0 0 0 0 0 0 0 0 0 0 0 0 0 0 0 0 0 0 0 0 0 0 0 0 0 0 0 0 0 0 0 0 0 0 0 0 0 0 0 0 0 0 0 0 0 0 0 0 0 0 0 0 0 0 0 0 0 0 0 0 0 0 0 0 0 0 0 0 0 0 0 0 0 0 0 0 0 0 0 0 0 0 0 0 0 0 0 0 0 0 0 0 0 0 0 0 0 0 0 0 0 4093 0 0 0 0 0 0 0 0 0 0 0 0 0 0 0 0]
[0 0 0 0 0 0 0 0 0 0 0 0 0 0 0 0 0 0 0 0 0 0 0 0 0 0 0 0 0 0 0 0 0 0 0 0 0 0 0 0 0 0 0 0 0 0 0 0 0 0 0 0 0 0 0 0 0 0 0 0 0 0 0 0 0 0 0 0 0 0 0 0 0 0 0 0 0 0 0 0 0 0 0 0 0 0 0 0 0 0 0 0 0 0 0 0 0 0 0 0 0 0 0 0 4093 0 0 0 0 0 0 0 0 0 0 0 0 0 0 0]
[0 0 0 0 0 0 0 0 0 0 0 0 0 0 0 0 0 0 0 0 0 0 0 0 0 0 0 0 0 0 0 0 0 0 0 0 0 0 0 0 0 0 0 0 0 0 0 0 0 0 0 0 0 0 0 0 0 0 0 0 0 0 0 0 0 0 0 0 0 0 0 0 0 0 0 0 0 0 0 0 0 0 0 0 0 0 0 0 0 0 0 0 0 0 0 0 0 0 0 0 0 0 0 0 0 4093 0 0 0 0 0 0 0 0 0 0 0 0 0 0]
[0 0 0 0 0 0 0 0 0 0 0 0 0 0 0 0 0 0 0 0 0 0 0 0 0 0 0 0 0 0 0 0 0 0 0 0 0 0 0 0 0 0 0 0 0 0 0 0 0 0 0 0 0 0 0 0 0 0 0 0 0 0 0 0 0 0 0 0 0 0 0 0 0 0 0 0 0 0 0 0 0 0 0 0 0 0 0 0 0 0 0 0 0 0 0 0 0 0 0 0 0 0 0 0 0 0 4093 0 0 0 0 0 0 0 0 0 0 0 0 0]
[0 0 0 0 0 0 0 0 0 0 0 0 0 0 0 0 0 0 0 0 0 0 0 0 0 0 0 0 0 0 0 0 0 0 0 0 0 0 0 0 0 0 0 0 0 0 0 0 0 0 0 0 0 0 0 0 0 0 0 0 0 0 0 0 0 0 0 0 0 0 0 0 0 0 0 0 0 0 0 0 0 0 0 0 0 0 0 0 0 0 0 0 0 0 0 0 0 0 0 0 0 0 0 0 0 0 0 4093 0 0 0 0 0 0 0 0 0 0 0 0]
[0 0 0 0 0 0 0 0 0 0 0 0 0 0 0 0 0 0 0 0 0 0 0 0 0 0 0 0 0 0 0 0 0 0 0 0 0 0 0 0 0 0 0 0 0 0 0 0 0 0 0 0 0 0 0 0 0 0 0 0 0 0 0 0 0 0 0 0 0 0 0 0 0 0 0 0 0 0 0 0 0 0 0 0 0 0 0 0 0 0 0 0 0 0 0 0 0 0 0 0 0 0 0 0 0 0 0 0 4093 0 0 0 0 0 0 0 0 0 0 0]
[0 0 0 0 0 0 0 0 0 0 0 0 0 0 0 0 0 0 0 0 0 0 0 0 0 0 0 0 0 0 0 0 0 0 0 0 0 0 0 0 0 0 0 0 0 0 0 0 0 0 0 0 0 0 0 0 0 0 0 0 0 0 0 0 0 0 0 0 0 0 0 0 0 0 0 0 0 0 0 0 0 0 0 0 0 0 0 0 0 0 0 0 0 0 0 0 0 0 0 0 0 0 0 0 0 0 0 0 0 4093 0 0 0 0 0 0 0 0 0 0]
[0 0 0 0 0 0 0 0 0 0 0 0 0 0 0 0 0 0 0 0 0 0 0 0 0 0 0 0 0 0 0 0 0 0 0 0 0 0 0 0 0 0 0 0 0 0 0 0 0 0 0 0 0 0 0 0 0 0 0 0 0 0 0 0 0 0 0 0 0 0 0 0 0 0 0 0 0 0 0 0 0 0 0 0 0 0 0 0 0 0 0 0 0 0 0 0 0 0 0 0 0 0 0 0 0 0 0 0 0 0 4093 0 0 0 0 0 0 0 0 0]
[0 0 0 0 0 0 0 0 0 0 0 0 0 0 0 0 0 0 0 0 0 0 0 0 0 0 0 0 0 0 0 0 0 0 0 0 0 0 0 0 0 0 0 0 0 0 0 0 0 0 0 0 0 0 0 0 0 0 0 0 0 0 0 0 0 0 0 0 0 0 0 0 0 0 0 0 0 0 0 0 0 0 0 0 0 0 0 0 0 0 0 0 0 0 0 0 0 0 0 0 0 0 0 0 0 0 0 0 0 0 0 4093 0 0 0 0 0 0 0 0]
[0 0 0 0 0 0 0 0 0 0 0 0 0 0 0 0 0 0 0 0 0 0 0 0 0 0 0 0 0 0 0 0 0 0 0 0 0 0 0 0 0 0 0 0 0 0 0 0 0 0 0 0 0 0 0 0 0 0 0 0 0 0 0 0 0 0 0 0 0 0 0 0 0 0 0 0 0 0 0 0 0 0 0 0 0 0 0 0 0 0 0 0 0 0 0 0 0 0 0 0 0 0 0 0 0 0 0 0 0 0 0 0 4093 0 0 0 0 0 0 0]
[0 0 0 0 0 0 0 0 0 0 0 0 0 0 0 0 0 0 0 0 0 0 0 0 0 0 0 0 0 0 0 0 0 0 0 0 0 0 0 0 0 0 0 0 0 0 0 0 0 0 0 0 0 0 0 0 0 0 0 0 0 0 0 0 0 0 0 0 0 0 0 0 0 0 0 0 0 0 0 0 0 0 0 0 0 0 0 0 0 0 0 0 0 0 0 0 0 0 0 0 0 0 0 0 0 0 0 0 0 0 0 0 0 4093 0 0 0 0 0 0]
[0 0 0 0 0 0 0 0 0 0 0 0 0 0 0 0 0 0 0 0 0 0 0 0 0 0 0 0 0 0 0 0 0 0 0 0 0 0 0 0 0 0 0 0 0 0 0 0 0 0 0 0 0 0 0 0 0 0 0 0 0 0 0 0 0 0 0 0 0 0 0 0 0 0 0 0 0 0 0 0 0 0 0 0 0 0 0 0 0 0 0 0 0 0 0 0 0 0 0 0 0 0 0 0 0 0 0 0 0 0 0 0 0 0 4093 0 0 0 0 0]
[0 0 0 0 0 0 0 0 0 0 0 0 0 0 0 0 0 0 0 0 0 0 0 0 0 0 0 0 0 0 0 0 0 0 0 0 0 0 0 0 0 0 0 0 0 0 0 0 0 0 0 0 0 0 0 0 0 0 0 0 0 0 0 0 0 0 0 0 0 0 0 0 0 0 0 0 0 0 0 0 0 0 0 0 0 0 0 0 0 0 0 0 0 0 0 0 0 0 0 0 0 0 0 0 0 0 0 0 0 0 0 0 0 0 0 4093 0 0 0 0]
[0 0 0 0 0 0 0 0 0 0 0 0 0 0 0 0 0 0 0 0 0 0 0 0 0 0 0 0 0 0 0 0 0 0 0 0 0 0 0 0 0 0 0 0 0 0 0 0 0 0 0 0 0 0 0 0 0 0 0 0 0 0 0 0 0 0 0 0 0 0 0 0 0 0 0 0 0 0 0 0 0 0 0 0 0 0 0 0 0 0 0 0 0 0 0 0 0 0 0 0 0 0 0 0 0 0 0 0 0 0 0 0 0 0 0 0 4093 0 0 0]
[0 0 0 0 0 0 0 0 0 0 0 0 0 0 0 0 0 0 0 0 0 0 0 0 0 0 0 0 0 0 0 0 0 0 0 0 0 0 0 0 0 0 0 0 0 0 0 0 0 0 0 0 0 0 0 0 0 0 0 0 0 0 0 0 0 0 0 0 0 0 0 0 0 0 0 0 0 0 0 0 0 0 0 0 0 0 0 0 0 0 0 0 0 0 0 0 0 0 0 0 0 0 0 0 0 0 0 0 0 0 0 0 0 0 0 0 0 4093 0 0]
[0 0 0 0 0 0 0 0 0 0 0 0 0 0 0 0 0 0 0 0 0 0 0 0 0 0 0 0 0 0 0 0 0 0 0 0 0 0 0 0 0 0 0 0 0 0 0 0 0 0 0 0 0 0 0 0 0 0 0 0 0 0 0 0 0 0 0 0 0 0 0 0 0 0 0 0 0 0 0 0 0 0 0 0 0 0 0 0 0 0 0 0 0 0 0 0 0 0 0 0 0 0 0 0 0 0 0 0 0 0 0 0 0 0 0 0 0 0 4093 0]
[0 0 0 0 0 0 0 0 0 0 0 0 0 0 0 0 0 0 0 0 0 0 0 0 0 0 0 0 0 0 0 0 0 0 0 0 0 0 0 0 0 0 0 0 0 0 0 0 0 0 0 0 0 0 0 0 0 0 0 0 0 0 0 0 0 0 0 0 0 0 0 0 0 0 0 0 0 0 0 0 0 0 0 0 0 0 0 0 0 0 0 0 0 0 0 0 0 0 0 0 0 0 0 0 0 0 0 0 0 0 0 0 0 0 0 0 0 0 0 4093]
]